i	"RTT(i)=(RTT+RTT_A+RTT_B+RTT_C)~LOGNORMAL(4.8,0.3)"
1	157.3814351
2	88.42569953
3	140.9181355
4	144.7328258
5	99.23476412
6	123.4401089
7	163.2030973
8	129.8536803
9	128.5494589
10	140.0114862
11	132.188869
12	154.8321722
13	139.8777021
14	150.5280025
15	105.1747608
16	104.9688862
17	164.1809381
18	121.4282867
19	126.6963459
20	115.9521563
21	93.12840187
22	124.6321374
23	130.0258176
24	117.0131219
25	108.5205256
26	85.37089435
27	152.3262775
28	128.9271764
29	118.9813361
30	75.85821765
31	117.4050978
32	127.0083878
33	152.2147929
34	106.4496872
35	169.0216203
36	134.4761612
37	89.14137096
38	113.8935864
39	113.0161507
40	88.59417332
41	71.78457441
42	110.0820349
43	130.9114446
44	133.4800786
45	111.0674312
46	84.3189785
47	110.203059
48	151.0504185
49	120.3602594
50	137.6361191
51	111.7492694
52	91.71626488
53	135.0629953
54	120.7599781
55	125.287422
56	107.5192392
57	135.067081
58	140.7167625
59	118.0750738
60	149.2960703
61	113.8176925
62	100.6786892
63	121.5679798
64	94.2428096
65	140.2401911
66	138.4769518
67	127.1467966
68	102.7062147
69	116.7487341
70	123.7362442
71	121.0638368
72	110.4114763
73	163.7244573
74	149.8691147
75	156.147368
76	124.9648203
77	140.6560218
78	104.5598489
79	98.03556211
80	109.7882273
81	106.805082
82	139.4101318
83	163.1058797
84	77.39310715
85	87.25678557
86	110.4275166
87	82.55132857
88	119.0862719
89	122.9418922
90	115.2348747
91	84.5981315
92	126.5858838
93	149.1323348
94	126.0774431
95	115.0118907
96	105.0618958
97	122.4801625
98	119.1968541
99	133.6479624
100	147.5413306
101	146.7299215
102	141.154548
103	145.4490108
104	118.983526
105	114.4906123
106	119.462019
107	123.0405665
108	129.5084283
109	142.5284843
110	150.7683595
111	132.5330317
112	164.170491
113	111.9463701
114	100.5046687
115	138.8172538
116	149.3127917
117	119.0595358
118	127.7780169
119	145.7702829
120	138.6224344
121	144.4097877
122	102.4260557
123	126.1005922
124	122.3199685
125	158.0067359
126	123.6858485
127	117.2210095
128	127.0797146
129	111.6953007
130	104.6515832
131	112.4710179
132	88.29315644
133	130.7844277
134	115.1267704
135	88.75008778
136	136.2524622
137	122.9296122
138	99.83518772
139	112.9036777
140	100.007348
141	125.6995831
142	150.1105241
143	120.561009
144	120.4463151
145	144.6442486
146	119.9266094
147	93.98539884
148	130.0263043
149	114.3275392
150	152.5511674
151	117.8076786
152	143.3296136
153	119.8292108
154	118.5491884
155	125.1973094
156	124.9953331
157	103.5833281
158	151.2253583
159	162.977613
160	104.6200689
161	169.8562165
162	94.57869931
163	115.9580699
164	112.4532629
165	104.1960293
166	108.9461257
167	97.59043499
168	107.7462451
169	89.34957544
170	136.2134358
171	143.4731759
172	100.1541054
173	134.3354238
174	122.1266428
175	91.36326115
176	137.5460796
177	100.2212657
178	92.15592852
179	155.8862703
180	116.4423937
181	142.3217397
182	132.398264
183	144.3751438
184	126.6293899
185	117.9402356
186	120.0244182
187	126.5267972
188	119.7828912
189	90.7538962
190	128.4890655
191	114.5836452
192	107.6800475
193	130.1583003
194	174.4911319
195	152.6823629
196	79.88215116
197	124.737109
198	106.8957686
199	124.7127916
200	118.9685795
201	124.1893254
202	134.7142989
203	91.0534012
204	127.660834
205	117.8429717
206	145.1395248
207	118.5077835
208	72.43254327
209	109.1857422
210	129.2523601
211	164.116476
212	88.96893455
213	129.956741
214	131.975572
215	113.5116785
216	123.5337549
217	107.2050746
218	166.4419612
219	128.8215358
220	111.5364251
221	135.9940584
222	64.02945966
223	126.2624305
224	129.927944
225	113.9368852
226	120.2273041
227	120.0927425
228	122.2352969
229	119.2438794
230	123.5487325
231	139.2136208
232	136.1124647
233	149.2181063
234	90.67108021
235	142.5900901
236	114.613908
237	143.538712
238	131.097025
239	107.6676962
240	151.3429886
241	146.7181192
242	121.8266581
243	118.5645416
244	138.2557464
245	139.4423894
246	114.2833185
247	100.0835613
248	136.0703733
249	106.971355
250	135.2797291
251	137.6921261
252	96.25291244
253	169.1164129
254	140.8976516
255	123.4358319
256	121.1847922
257	114.7291931
258	136.8707568
259	111.8608531
260	116.3447295
261	107.8818041
262	102.3248364
263	105.0696492
264	112.5647207
265	109.3844176
266	124.0351118
267	123.1895263
268	108.6693147
269	139.0889204
270	113.3378912
271	129.1570633
272	108.4260927
273	87.81457742
274	133.1528053
275	114.1480652
276	133.7952641
277	113.885619
278	152.0993542
279	138.16425
280	130.2484455
281	84.24676742
282	99.73108325
283	118.0614015
284	135.0232569
285	111.9845441
286	154.6430689
287	95.55610892
288	132.2768212
289	111.4176735
290	126.802346
291	109.3528581
292	113.3670183
293	115.113274
294	129.9286437
295	121.4475581
296	106.073963
297	130.5857991
298	138.5712638
299	128.5225821
300	134.4715677
301	114.7686469
302	114.1610281
303	87.26711244
304	119.0871751
305	120.3218002
306	126.1837633
307	124.3131471
308	99.23646597
309	141.6737527
310	153.9294298
311	85.1165219
312	157.0134823
313	130.3734927
314	99.53597959
315	121.9695534
316	100.9245508
317	115.3513746
318	83.44081537
319	114.4793129
320	138.604244
321	145.1313519
322	138.2934871
323	90.5709054
324	118.6661888
325	147.6838812
326	121.5611071
327	83.44389657
328	95.3485869
329	106.6001534
330	130.483194
331	110.5311306
332	132.7664545
333	98.57214511
334	117.06198
335	146.7086957
336	151.1571842
337	125.8090052
338	126.0217716
339	129.9624225
340	75.66212726
341	134.1471819
342	75.71839838
343	98.38563555
344	110.6912188
345	131.329072
346	115.5126096
347	129.5229043
348	113.1614103
349	111.7777818
350	97.2705272
351	111.7397689
352	133.1806607
353	114.8060231
354	150.0241704
355	117.2188678
356	78.57260537
357	116.3180366
358	84.23952711
359	134.4633028
360	118.5712985
361	142.0092614
362	117.2665463
363	87.70945711
364	123.6518879
365	135.1209318
366	115.2487244
367	90.6117971
368	107.5563878
369	125.2744691
370	117.5821473
371	131.981116
372	155.3668652
373	107.5440886
374	130.9712162
375	77.06326336
376	110.2302839
377	78.03881559
378	115.4749546
379	151.8684476
380	119.1741503
381	131.219104
382	170.2011443
383	118.3171821
384	163.8135868
385	140.571241
386	142.5486454
387	145.1856063
388	163.7868253
389	114.0049037
390	143.8251612
391	97.22534794
392	118.5239679
393	111.3583116
394	142.1379356
395	135.544735
396	172.909943
397	145.9175509
398	156.9499129
399	117.3261306
400	104.3747393
401	140.4402851
402	134.9151245
403	125.6904521
404	139.9230018
405	129.5907936
406	70.9141092
407	96.06874929
408	98.09898582
409	127.245221
410	101.3908106
411	107.41945
412	131.3806821
413	115.6117745
414	102.1744491
415	118.8106318
416	119.9627071
417	95.2553331
418	145.707044
419	116.3213282
420	136.5858897
421	117.7186639
422	94.1364563
423	160.9359348
424	126.5138001
425	144.722188
426	84.63771255
427	132.1021157
428	129.2687572
429	164.5836687
430	149.0590352
431	147.4433537
432	149.4301553
433	150.3805479
434	146.1464418
435	127.1381793
436	154.4273039
437	92.73388473
438	112.5861638
439	143.4933661
440	103.3050023
441	120.9060174
442	114.0447781
443	97.54528294
444	144.8010574
445	127.2319445
446	106.9260651
447	135.6755445
448	150.3982035
449	84.4113928
450	133.3034145
451	170.1318731
452	174.5697305
453	97.96433805
454	127.668742
455	87.71223786
456	120.9914223
457	103.5273103
458	104.7646991
459	128.8569617
460	144.2651401
461	115.3576356
462	107.4071728
463	133.6501407
464	113.0750456
465	120.4105709
466	98.12648981
467	122.9913933
468	143.812103
469	111.1610362
470	154.71386
471	94.63956813
472	144.912869
473	113.3889355
474	99.62780755
475	145.7521204
476	150.4541255
477	119.2577335
478	133.8563867
479	111.8014971
480	139.5724703
481	114.2120786
482	111.6693879
483	125.9982387
484	112.0981904
485	112.4754845
486	144.3403726
487	124.6254611
488	110.0959328
489	120.1519694
490	112.2683647
491	90.83019147
492	104.3082569
493	114.4682368
494	101.4742711
495	104.1759331
496	113.3312534
497	138.046781
498	135.5457487
499	124.6383891
500	110.5025381
501	134.5422581
502	146.7791393
503	136.8165869
504	104.217292
505	152.28524
506	99.54083732
507	159.8466818
508	110.7018203
509	127.5442328
510	136.1845949
511	121.944499
512	93.0444757
513	125.8297911
514	109.9176025
515	121.0107284
516	112.0174887
517	152.0962281
518	132.0780417
519	109.9905443
520	138.2394577
521	92.73065581
522	138.4798514
523	115.8114786
524	92.56162477
525	120.6496032
526	104.7405257
527	146.9805913
528	166.4794033
529	105.724451
530	151.9315807
531	85.80287003
532	111.114824
533	97.80653856
534	129.2357333
535	119.2524001
536	112.7568073
537	125.8870831
538	170.7892484
539	122.7429669
540	130.7865288
541	100.664726
542	138.8730477
543	105.7839006
544	96.05297413
545	99.06084677
546	119.8836947
547	146.3608723
548	89.95065264
549	108.4998044
550	87.66037378
551	113.1303945
552	101.4845292
553	95.14469689
554	112.7861028
555	158.6359455
556	150.5032833
557	164.2490691
558	160.2861681
559	122.3749403
560	115.0493808
561	114.1444316
562	85.70610192
563	133.9318377
564	120.6083661
565	105.5110283
566	163.8346179
567	160.3222425
568	134.5174223
569	166.5643438
570	156.7840905
571	94.50472843
572	122.9479941
573	110.624314
574	167.2721241
575	117.4968748
576	136.4567165
577	95.82119003
578	126.6624539
579	107.5096774
580	91.50608787
581	112.0263252
582	117.8334641
583	138.7768781
584	141.9258235
585	96.36475426
586	125.8770039
587	132.0617695
588	120.2725247
589	165.9389316
590	122.3304162
591	107.6954993
592	140.5271446
593	152.8234399
594	87.00034182
595	122.9069006
596	110.218704
597	98.66576337
598	136.7574315
599	128.3287413
600	141.1977175
601	139.9999608
602	142.6310703
603	124.7236158
604	120.1735442
605	121.8387049
606	98.59641181
607	115.7664724
608	114.3664403
609	174.7793914
610	141.7347049
611	127.6130627
612	87.89084483
613	126.5308626
614	150.2414692
615	104.5657144
616	136.6653574
617	127.428912
618	125.1856236
619	113.4151735
620	95.949812
621	91.9689296
622	135.5974754
623	122.1323498
624	122.8566899
625	86.66682776
626	109.1831583
627	88.45392438
628	105.0545874
629	104.5900195
630	120.9240044
631	156.4958249
632	96.19256665
633	133.8934159
634	128.0425649
635	137.1772715
636	141.1328551
637	81.29605804
638	104.1889211
639	119.8071868
640	129.6294856
641	119.3598078
642	134.6312458
643	115.9300244
644	159.3050932
645	103.6104424
646	153.9372768
647	120.8832652
648	129.1303901
649	113.5398131
650	139.7924419
651	128.0952683
652	127.5061814
653	143.6584126
654	132.2045623
655	112.126863
656	122.7411737
657	72.41978586
658	99.20903361
659	75.432228
660	129.2343286
661	118.9036674
662	102.8642238
663	98.63043999
664	154.1208232
665	132.6246282
666	112.7375546
667	67.79835208
668	70.53019852
669	107.5346291
670	95.98877884
671	174.5384175
672	166.2040191
673	146.0460574
674	146.8923105
675	127.8605864
676	135.9554546
677	122.2924998
678	137.8222583
679	118.525925
680	101.3181688
681	96.71889539
682	143.6827524
683	117.3676311
684	104.2082267
685	146.3428814
686	118.4468878
687	92.74466169
688	121.6105847
689	99.66734671
690	149.5000688
691	158.1430092
692	99.13887816
693	97.28972366
694	124.7008857
695	116.1054005
696	153.2467843
697	107.2991892
698	109.589886
699	150.5303037
700	94.39353781
701	140.4509334
702	73.79444778
703	120.2305744
704	170.6954477
705	110.1545684
706	134.4749728
707	93.09646697
708	105.4954118
709	112.8745265
710	118.1082183
711	117.975147
712	147.8771642
713	108.7885783
714	126.0051952
715	178.4908296
716	115.7145888
717	128.303057
718	171.7580489
719	152.44637
720	126.1886633
721	109.6610591
722	151.3123165
723	110.306654
724	137.9821452
725	104.8971937
726	115.0566287
727	130.2903807
728	118.4221954
729	134.326399
730	150.3323738
731	147.138311
732	123.7736835
733	137.2263545
734	124.3479717
735	86.92077623
736	92.99668533
737	98.19550281
738	125.3575637
739	109.143689
740	114.7399642
741	105.3523379
742	113.9907476
743	125.4665265
744	154.4898435
745	133.9152899
746	115.4306419
747	119.2623225
748	113.4161687
749	138.0416074
750	108.227315
751	148.2934165
752	121.4921941
753	104.4148201
754	123.613989
755	156.1706424
756	108.7028912
757	113.6604505
758	128.2612818
759	145.1565496
760	156.4817021
761	183.3925366
762	139.1738865
763	89.74439991
764	129.4945622
765	130.5389091
766	146.2533997
767	82.36269721
768	100.1089337
769	123.6287635
770	131.8245266
771	89.84326677
772	136.79684
773	132.8160294
774	129.018391
775	79.7409207
776	129.2593661
777	176.1953427
778	150.309718
779	121.6548793
780	91.33111333
781	142.1200297
782	119.0715463
783	68.83253999
784	148.0246732
785	111.3047243
786	137.8262294
787	115.7618457
788	125.1410802
789	150.360104
790	116.1139559
791	166.4964149
792	118.4866882
793	139.7518717
794	126.0904294
795	153.4350617
796	133.5555318
797	155.3930798
798	132.5369772
799	90.39501739
800	113.6999942
801	118.2102016
802	110.3224728
803	99.67000158
804	152.6534289
805	154.8909229
806	141.4885177
807	120.1295054
808	123.3940859
809	133.8260594
810	160.4920391
811	111.9831272
812	106.4734625
813	140.2292016
814	104.278584
815	125.2707271
816	72.71410075
817	119.479738
818	116.3388336
819	97.52048704
820	127.5279457
821	127.8876955
822	110.7792669
823	82.37742454
824	135.4748077
825	119.4773195
826	108.2789155
827	102.2322131
828	115.5298691
829	142.9356255
830	110.6082135
831	117.6801897
832	119.2038706
833	132.3444158
834	119.2735409
835	129.4930399
836	106.7215908
837	124.0680497
838	109.0959226
839	145.4636354
840	121.2330599
841	125.0454579
842	116.9924927
843	89.09624171
844	97.74714119
845	143.2247127
846	96.0006456
847	128.9642519
848	125.6534529
849	134.4163767
850	117.7946364
851	121.7356732
852	81.69399792
853	168.5045794
854	120.8546983
855	97.94649454
856	130.8439996
857	109.0256528
858	138.5690534
859	93.37918928
860	117.4375566
861	106.5283651
862	117.6947628
863	117.8207695
864	107.5062237
865	109.863228
866	154.2700721
867	95.56594715
868	120.3148659
869	157.8752151
870	131.2284483
871	96.53568047
872	123.0293547
873	135.8679804
874	166.0027784
875	129.1788658
876	93.36151056
877	131.8026801
878	126.110152
879	116.3869347
880	113.5509012
881	113.9623652
882	105.0138412
883	130.138177
884	108.2362431
885	125.6496746
886	142.8747724
887	127.1329715
888	78.14890242
889	130.3171431
890	118.935855
891	160.5884482
892	115.7174592
893	167.8273968
894	122.4839678
895	101.8491383
896	136.4574324
897	142.2338138
898	114.0731186
899	83.72894014
900	137.0713636
901	103.9046832
902	114.6076601
903	151.7885846
904	139.0239372
905	110.8788501
906	131.1350469
907	112.9590391
908	132.5642985
909	99.19695083
910	161.7458114
911	95.7493104
912	151.5664535
913	148.9815769
914	133.4293235
915	141.6790568
916	152.5817892
917	146.5148757
918	121.1736769
919	102.8005863
920	139.9736831
921	98.62649076
922	136.5777565
923	141.1649658
924	142.0200503
925	134.6959091
926	114.7198977
927	120.2626321
928	157.2444573
929	136.3294911
930	154.8042101
931	127.5022434
932	122.709054
933	136.5934327
934	120.8096083
935	113.2545614
936	96.54785042
937	125.3858257
938	148.5287323
939	116.4722015
940	150.877778
941	108.8529717
942	118.9340074
943	137.7312323
944	147.8354172
945	110.6306078
946	85.28818991
947	104.5322815
948	153.4033476
949	135.7499145
950	132.0261783
951	95.90905518
952	128.7660809
953	141.4520726
954	143.6223768
955	141.9224485
956	150.8483059
957	111.3538606
958	119.7349818
959	137.517392
960	90.76680229
961	125.7701255
962	114.6165695
963	154.8331742
964	105.4306218
965	106.1943345
966	160.9163488
967	133.2016289
968	113.4215731
969	126.9899591
970	99.34803585
971	101.985223
972	105.8887257
973	128.4446897
974	116.7226211
975	164.2838137
976	102.912288
977	131.4308504
978	82.94517476
979	108.0785955
980	113.4200349
981	159.3974344
982	142.4116596
983	142.4970379
984	87.1288747
985	149.3594756
986	139.3247131
987	109.3359511
988	106.3326359
989	84.16841278
990	158.9004942
991	140.6537853
992	108.8884045
993	122.5072737
994	175.2925885
995	114.5390605
996	132.9762485
997	119.8573518
998	123.6951429
999	112.0958292
1000	125.3795026
1001	113.5142287
1002	103.2697682
1003	124.3925911
1004	167.084344
1005	115.0635198
1006	118.9658846
1007	162.047182
1008	132.380829
1009	110.8753159
1010	148.8662236
1011	115.9691945
1012	161.478322
1013	145.9825127
1014	115.6296545
1015	55.94686267
1016	140.7244243
1017	109.8947374
1018	103.887908
1019	116.1377803
1020	75.70964859
1021	152.8777277
1022	99.00623564
1023	105.2922306
1024	88.51586214
1025	155.0524597
1026	124.922408
1027	136.7573149
1028	137.4503627
1029	151.3182724
1030	115.6761082
1031	129.6182599
1032	123.274519
1033	114.1945188
1034	141.0176338
1035	100.444419
1036	112.2300133
1037	94.19787176
1038	109.0748618
1039	127.3507242
1040	148.753594
1041	110.0471253
1042	154.0666752
1043	146.5256987
1044	112.5639536
1045	155.1460482
1046	139.3894574
1047	152.2468748
1048	121.0727331
1049	119.3298791
1050	151.3741945
1051	120.6319694
1052	159.6160388
1053	140.9434927
1054	136.6318057
1055	137.4441767
1056	96.63638292
1057	114.7581961
1058	96.98251569
1059	85.88673738
1060	125.80115
1061	103.7945969
1062	125.991893
1063	130.9224462
1064	110.7938084
1065	85.99634213
1066	113.1685553
1067	126.2281402
1068	129.2803789
1069	90.80703462
1070	142.7218085
1071	130.0236413
1072	128.2014186
1073	113.722885
1074	98.73121981
1075	148.3572365
1076	127.6755325
1077	126.5746231
1078	154.6194868
1079	155.2661403
1080	142.700175
1081	132.4846559
1082	118.2330714
1083	82.59279897
1084	111.5132374
1085	136.077372
1086	115.8818096
1087	98.34423134
1088	99.92355361
1089	137.2049899
1090	113.6499906
1091	147.0955583
1092	143.1159281
1093	136.3452481
1094	108.1139848
1095	115.4126294
1096	122.5089757
1097	93.49262553
1098	130.169772
1099	151.8686609
1100	146.6189024
1101	148.8736456
1102	106.5225562
1103	135.6045071
1104	99.34283353
1105	136.4434225
1106	115.1051388
1107	120.2323829
1108	132.490348
1109	125.2175917
1110	130.7285205
1111	142.0515713
1112	136.9500092
1113	95.35855159
1114	102.125491
1115	103.9824967
1116	117.9689244
1117	151.374407
1118	90.33984521
1119	152.5965173
1120	121.8128466
1121	153.9944287
1122	76.81416709
1123	109.4129361
1124	173.7610042
1125	120.039221
1126	152.3209168
1127	169.1527139
1128	160.4738171
1129	151.2652247
1130	134.939332
1131	158.5783737
1132	141.3850796
1133	135.3716022
1134	92.12175743
1135	134.9530649
1136	148.4943531
1137	105.2868587
1138	126.1704611
1139	139.059853
1140	132.315241
1141	156.5499154
1142	111.0593714
1143	119.4164596
1144	122.3921592
1145	130.8959914
1146	90.73209862
1147	115.5395909
1148	136.7816469
1149	97.919162
1150	141.2056289
1151	122.9171052
1152	153.6663734
1153	101.08923
1154	111.1121897
1155	63.16794916
1156	138.8505869
1157	121.282411
1158	131.2542984
1159	149.4491339
1160	115.6487496
1161	107.5692536
1162	84.87021213
1163	73.04936416
1164	111.4821496
1165	60.25183651
1166	92.51408286
1167	125.6218872
1168	109.7464975
1169	116.1050306
1170	103.7138424
1171	108.6476753
1172	126.8390791
1173	143.9861212
1174	129.7386035
1175	138.4949967
1176	97.73165595
1177	96.55949416
1178	112.4385122
1179	135.0011523
1180	123.4788747
1181	105.0314438
1182	100.6140356
1183	113.852637
1184	67.72212178
1185	155.8544418
1186	94.71995648
1187	134.2239149
1188	143.1068092
1189	102.1762128
1190	131.9936113
1191	138.4232391
1192	114.6106005
1193	107.6584366
1194	111.7586153
1195	165.8155956
1196	105.9360707
1197	157.2852545
1198	118.5694221
1199	112.7536714
1200	135.3731825
1201	198.2045343
1202	205.9196043
1203	154.8672682
1204	141.1527567
1205	185.5092468
1206	134.6881889
1207	195.6850047
1208	163.2704066
1209	164.0731713
1210	168.085138
1211	132.5712851
1212	193.5284124
1213	185.6124056
1214	189.3201888
1215	208.6954801
1216	150.464526
1217	114.1713828
1218	218.1820475
1219	221.0253508
1220	251.2218935
1221	176.2133583
1222	216.8612726
1223	202.5719625
1224	145.1647442
1225	217.2531484
1226	150.908847
1227	189.9384559
1228	154.3785446
1229	153.2961068
1230	221.6873688
1231	205.876098
1232	198.1303815
1233	189.5459933
1234	157.743293
1235	197.5771435
1236	160.2500998
1237	160.0842999
1238	180.6959837
1239	162.6311582
1240	180.6372142
1241	191.1244365
1242	214.2456196
1243	194.298974
1244	242.4958924
1245	210.6525716
1246	124.4627573
1247	183.8130112
1248	146.6217424
1249	218.0712125
1250	131.5748088
1251	200.74132
1252	175.6412955
1253	179.3498929
1254	224.1727107
1255	163.3800586
1256	219.2969767
1257	196.3193024
1258	182.9233089
1259	212.4823895
1260	174.160749
1261	183.1738818
1262	157.8796401
1263	173.0043023
1264	211.3480303
1265	190.3791023
1266	145.9423162
1267	205.1449282
1268	166.6118111
1269	183.4389543
1270	226.5100692
1271	193.7664046
1272	188.9275518
1273	159.5323125
1274	234.7395118
1275	117.3521367
1276	179.7910247
1277	189.3285727
1278	210.509619
1279	183.3118336
1280	200.935781
1281	208.0128007
1282	155.0158724
1283	198.6792072
1284	178.1327516
1285	130.6684003
1286	140.6718864
1287	133.2118733
1288	196.5341105
1289	157.0025275
1290	148.3402346
1291	204.1619068
1292	189.090295
1293	176.8444857
1294	207.2328248
1295	188.1606789
1296	113.021537
1297	180.8849141
1298	173.5108207
1299	93.3877726
1300	169.9854296
1301	172.7024597
1302	230.5645849
1303	198.0855969
1304	214.1724368
1305	195.2208407
1306	185.9433913
1307	174.5156418
1308	224.2732455
1309	146.3056108
1310	165.8180866
1311	178.3454616
1312	159.6421387
1313	181.5210676
1314	166.1635648
1315	131.8537319
1316	165.7743811
1317	173.9822165
1318	178.607486
1319	169.2369782
1320	202.1338464
1321	202.274986
1322	211.3752185
1323	164.0638328
1324	219.9866356
1325	182.7335573
1326	190.7826079
1327	133.9465896
1328	176.0680327
1329	230.9031224
1330	192.2515224
1331	135.1548236
1332	176.001318
1333	124.7846946
1334	211.5278387
1335	144.731587
1336	192.2335494
1337	138.9891746
1338	207.24157
1339	158.036468
1340	177.6418855
1341	195.707119
1342	133.946266
1343	182.4889281
1344	182.0691249
1345	133.7375402
1346	204.3987342
1347	163.0399907
1348	200.3082106
1349	180.1461068
1350	215.1416129
1351	193.8365912
1352	130.7117249
1353	178.2000778
1354	140.2828669
1355	151.2463959
1356	199.8247512
1357	152.8125683
1358	184.572788
1359	158.7586292
1360	172.316618
1361	177.8921233
1362	252.6740956
1363	193.0807702
1364	230.8063609
1365	156.0819622
1366	208.059074
1367	158.084543
1368	164.0905414
1369	131.6534358
1370	196.4804279
1371	168.2775659
1372	157.812604
1373	177.9710372
1374	116.050008
1375	160.7078967
1376	212.4927552
1377	183.1883965
1378	140.8428526
1379	147.2128687
1380	186.1630944
1381	142.1032423
1382	190.9873727
1383	186.5989342
1384	204.5666015
1385	150.861997
1386	214.7431735
1387	127.4116365
1388	167.8456279
1389	126.2212399
1390	165.0068996
1391	156.3824699
1392	229.991947
1393	210.3657818
1394	207.5206721
1395	199.4957827
1396	175.2522589
1397	156.3927331
1398	168.339755
1399	144.1575835
1400	220.2707391
1401	159.4123345
1402	191.6165938
1403	112.5770669
1404	184.8136526
1405	182.3078237
1406	184.4646275
1407	160.3116015
1408	221.1003606
1409	254.311108
1410	120.7987871
1411	164.9401205
1412	183.1821793
1413	175.2979538
1414	243.7532381
1415	138.9579901
1416	157.9748869
1417	165.3285778
1418	99.40300609
1419	149.8457173
1420	175.457378
1421	132.0147332
1422	153.2209637
1423	218.3199177
1424	202.0112037
1425	135.6677189
1426	112.8760773
1427	236.0210074
1428	198.5031242
1429	182.0541567
1430	133.7520284
1431	194.1400715
1432	159.7953885
1433	164.1714842
1434	206.0596928
1435	155.1049296
1436	185.1611314
1437	231.7684179
1438	140.0629623
1439	190.9618139
1440	193.5794558
1441	234.0394013
1442	177.1509159
1443	131.3590849
1444	166.9120463
1445	141.5177321
1446	161.3982802
1447	217.9701748
1448	134.7443584
1449	176.6312146
1450	199.0234838
1451	187.539031
1452	202.3609908
1453	212.3235663
1454	188.8253685
1455	200.6465498
1456	202.2576425
1457	146.0358677
1458	173.3416153
1459	177.9893445
1460	136.743288
1461	182.4196733
1462	225.3120693
1463	180.6878336
1464	210.2377167
1465	164.1908004
1466	196.9221197
1467	249.5954994
1468	131.8089086
1469	160.5524003
1470	211.1074653
1471	177.3364728
1472	139.1909551
1473	216.8614507
1474	146.1303005
1475	168.6950933
1476	225.2356931
1477	176.9629365
1478	184.1482143
1479	202.00989
1480	188.3478066
1481	182.3443485
1482	164.0410326
1483	172.0172294
1484	151.8749774
1485	207.409419
1486	183.4263673
1487	154.1164163
1488	204.7247562
1489	165.687022
1490	190.9928837
1491	172.6950334
1492	182.5529586
1493	188.9211218
1494	199.968227
1495	156.309362
1496	179.5861817
1497	226.3608789
1498	214.3093474
1499	148.0418391
1500	169.5705915
1501	168.6206163
1502	162.908304
1503	192.6207546
1504	163.4972245
1505	143.7595727
1506	140.1964071
1507	181.9386138
1508	196.4311588
1509	201.0608347
1510	113.3781307
1511	149.2522938
1512	134.895572
1513	165.431275
1514	177.5377153
1515	188.6129575
1516	194.1659486
1517	261.2664237
1518	188.6169292
1519	190.2805243
1520	218.7430578
1521	159.1506952
1522	110.9744179
1523	133.9823839
1524	137.7670336
1525	201.072691
1526	194.8581915
1527	142.3662623
1528	171.1418716
1529	180.5300088
1530	209.5460487
1531	214.1578342
1532	171.3295253
1533	163.6298937
1534	184.7900447
1535	151.0797124
1536	187.6187705
1537	119.9903028
1538	171.83586
1539	160.0013362
1540	181.1778232
1541	183.2934931
1542	181.7389921
1543	201.4218987
1544	200.6430761
1545	152.8081985
1546	107.6255105
1547	117.2833582
1548	121.3467096
1549	227.6014478
1550	147.9270795
1551	218.7610197
1552	140.6443314
1553	229.7550365
1554	164.2862456
1555	168.9329126
1556	194.1925688
1557	158.911165
1558	179.6325144
1559	187.4442572
1560	231.3236684
1561	214.3025784
1562	217.0215871
1563	219.1819027
1564	127.2546666
1565	205.8074149
1566	190.9892014
1567	165.4388935
1568	193.4527258
1569	143.2724672
1570	167.568206
1571	180.5880686
1572	233.0280044
1573	158.4415228
1574	140.5500469
1575	203.9483601
1576	188.0668981
1577	212.7459465
1578	186.3135709
1579	182.3396116
1580	186.6383744
1581	175.4691789
1582	112.2439914
1583	141.0185954
1584	160.4752747
1585	161.9805635
1586	135.6086757
1587	183.1409111
1588	202.7695122
1589	167.7120388
1590	156.2584022
1591	148.5362365
1592	179.3221043
1593	196.9266833
1594	163.5212442
1595	212.858188
1596	179.7068912
1597	160.4456833
1598	252.345489
1599	203.5046144
1600	238.075789
1601	173.6926896
1602	101.0598322
1603	193.1528023
1604	201.4853046
1605	164.3502448
1606	177.1032302
1607	135.6281621
1608	234.8619419
1609	176.3849051
1610	103.1765692
1611	180.8084549
1612	245.5230123
1613	202.2631731
1614	142.5145456
1615	162.3053862
1616	192.3044971
1617	182.8907827
1618	142.8695832
1619	217.7029022
1620	213.4416594
1621	175.9930123
1622	185.522866
1623	229.54943
1624	196.5869593
1625	157.7747752
1626	178.7143239
1627	219.1370102
1628	133.8826686
1629	256.1349622
1630	196.0764816
1631	139.698824
1632	174.1197327
1633	129.8601037
1634	178.578517
1635	204.6129332
1636	197.3311129
1637	214.8466178
1638	173.7564859
1639	168.0267207
1640	173.9520992
1641	190.123117
1642	156.3620026
1643	201.1596039
1644	145.9021532
1645	146.5939464
1646	206.6054958
1647	201.8771519
1648	192.9384627
1649	148.2509691
1650	215.6601069
1651	137.6144897
1652	230.1908491
1653	213.7941064
1654	201.5782069
1655	199.1317231
1656	198.0736338
1657	156.1467623
1658	135.447631
1659	250.4749068
1660	149.5757094
1661	98.13884335
1662	161.7497343
1663	175.9841883
1664	147.5526378
1665	207.0606072
1666	154.5771631
1667	256.2954426
1668	193.5600712
1669	145.6681898
1670	129.1609847
1671	151.0306736
1672	168.7924436
1673	179.2925999
1674	153.1050023
1675	195.8328307
1676	103.3914094
1677	142.7200064
1678	187.1890589
1679	173.6346634
1680	187.6712829
1681	219.6278326
1682	201.6738144
1683	129.7334863
1684	176.404113
1685	218.4160688
1686	200.7636773
1687	130.4889792
1688	219.016984
1689	192.3484392
1690	143.1791174
1691	264.6681474
1692	192.7403241
1693	202.1568481
1694	150.1238949
1695	191.8039168
1696	201.4187423
1697	198.1327159
1698	170.4599434
1699	130.2845402
1700	129.4491245
1701	111.2540629
1702	160.3425833
1703	118.0825666
1704	195.9935126
1705	167.7006023
1706	176.1892605
1707	150.8647306
1708	136.5684045
1709	141.2220055
1710	196.6877173
1711	207.2574641
1712	132.6912478
1713	124.6201092
1714	150.7444526
1715	190.8164004
1716	167.1882095
1717	191.3743222
1718	155.9854692
1719	123.70146
1720	228.3516905
1721	125.3845218
1722	197.2029736
1723	245.0944653
1724	179.481172
1725	158.1119458
1726	129.1027253
1727	192.1385547
1728	171.7767024
1729	203.0291287
1730	214.2049277
1731	130.0906413
1732	153.750883
1733	167.149656
1734	185.1129646
1735	178.3784323
1736	140.9754295
1737	156.3856504
1738	172.0215601
1739	172.6479758
1740	146.5431343
1741	225.4626721
1742	204.4667118
1743	157.9295086
1744	191.086722
1745	180.7229884
1746	167.3794789
1747	189.2484825
1748	151.9147005
1749	195.1617958
1750	234.1926913
1751	157.6465752
1752	226.7573032
1753	172.4977268
1754	256.3217399
1755	167.7778438
1756	171.9854584
1757	179.1533885
1758	181.568119
1759	177.1881818
1760	125.2594411
1761	233.3793256
1762	209.9414097
1763	166.0767142
1764	192.0564857
1765	140.2668689
1766	186.1743081
1767	204.4135232
1768	178.0174696
1769	183.3228306
1770	150.1580413
1771	154.6797752
1772	115.2654719
1773	143.2449969
1774	193.2023825
1775	161.9952742
1776	196.6930002
1777	166.7513411
1778	160.8998157
1779	157.2670817
1780	179.2913608
1781	109.1554826
1782	182.290944
1783	195.2608919
1784	169.069636
1785	209.7140253
1786	175.3115723
1787	197.9041207
1788	156.5644001
1789	179.7057544
1790	123.4584274
1791	236.1179102
1792	194.0729795
1793	182.3754004
1794	152.4223606
1795	171.7165974
1796	231.0320271
1797	181.5597174
1798	166.0216168
1799	189.9520646
1800	217.2045078
1801	148.2357664
1802	143.2762465
1803	197.2276228
1804	171.580117
1805	179.4860213
1806	184.1783167
1807	170.744518
1808	157.3101533
1809	175.4461156
1810	176.6193211
1811	151.5257982
1812	165.8363434
1813	146.4489894
1814	117.584797
1815	141.350044
1816	203.6899432
1817	204.4904256
1818	170.3724692
1819	186.7295181
1820	167.7118187
1821	226.754538
1822	193.5216288
1823	182.5681965
1824	197.7025586
1825	173.3450751
1826	231.2724097
1827	179.4871026
1828	119.8366851
1829	174.4631152
1830	209.7718634
1831	233.6378374
1832	161.8874703
1833	196.628352
1834	232.6146164
1835	152.4620127
1836	171.3822123
1837	160.5347397
1838	200.893046
1839	256.5783763
1840	219.0421493
1841	177.8540893
1842	201.362389
1843	114.0236433
1844	226.8223107
1845	207.7531981
1846	174.5773158
1847	178.7288897
1848	193.5846381
1849	200.5096122
1850	206.6688616
1851	179.3019732
1852	146.4883902
1853	167.9665217
1854	132.3099661
1855	170.2686551
1856	153.5602443
1857	219.2998241
1858	145.8374751
1859	181.4556154
1860	179.0729017
1861	228.541132
1862	139.2703994
1863	166.5211477
1864	223.6279867
1865	162.8938354
1866	200.400463
1867	168.4866626
1868	185.6015762
1869	119.1359466
1870	200.7715766
1871	127.5398236
1872	192.2024075
1873	195.4115081
1874	147.1755833
1875	152.8934442
1876	238.9082127
1877	193.2192447
1878	230.8887359
1879	173.2915196
1880	107.7212622
1881	215.3133743
1882	165.2999641
1883	147.5551438
1884	202.4256252
1885	173.8198152
1886	179.2133253
1887	168.0899717
1888	138.594332
1889	163.6949206
1890	172.1355593
1891	138.6037107
1892	189.5734588
1893	122.1374193
1894	173.720011
1895	159.825609
1896	211.717369
1897	206.9766034
1898	139.8915214
1899	163.4217779
1900	135.7554732
1901	139.3712633
1902	191.896732
1903	160.0980455
1904	168.9132611
1905	114.7386083
1906	187.5693612
1907	167.179025
1908	183.4312871
1909	148.9239543
1910	195.9296913
1911	181.5386197
1912	164.4687646
1913	172.0054614
1914	200.197988
1915	178.0064871
1916	207.2700108
1917	138.1434301
1918	188.2371431
1919	166.7016146
1920	167.3194554
1921	131.9895747
1922	229.6252382
1923	204.467931
1924	194.5627392
1925	179.2702695
1926	209.8452712
1927	159.018283
1928	174.8626215
1929	132.4744687
1930	173.5237344
1931	202.6975184
1932	180.0726723
1933	159.3806095
1934	168.1543788
1935	178.9849003
1936	167.9864391
1937	180.4392622
1938	145.0505717
1939	169.1991308
1940	160.7120352
1941	211.0506016
1942	160.0391624
1943	200.3306375
1944	184.9613585
1945	177.8375921
1946	192.1258223
1947	183.6783377
1948	176.10375
1949	142.4230891
1950	152.0528109
1951	202.2952528
1952	185.655437
1953	145.0300528
1954	158.4177134
1955	111.8070202
1956	175.4722532
1957	208.074481
1958	156.3281001
1959	206.7815368
1960	131.8645142
1961	185.508061
1962	163.0780127
1963	162.0400198
1964	186.092867
1965	198.6075175
1966	168.2889166
1967	192.2689414
1968	122.8906429
1969	202.7832631
1970	192.6743642
1971	163.1445142
1972	183.4025151
1973	182.9994142
1974	134.6680036
1975	203.0482842
1976	160.1242968
1977	192.2490558
1978	218.4656869
1979	141.2650139
1980	193.2897828
1981	178.3354407
1982	212.7349537
1983	204.6682947
1984	208.0861118
1985	138.5341984
1986	133.5544227
1987	186.218781
1988	181.4029249
1989	184.7550031
1990	115.3578814
1991	156.8986951
1992	208.6640251
1993	173.7033204
1994	127.1217172
1995	240.3321314
1996	177.6992026
1997	186.131247
1998	190.0676512
1999	172.4301613
2000	129.1750696
2001	175.127662
2002	189.1380239
2003	208.8690198
2004	139.3234964
2005	104.0422788
2006	190.3567836
2007	183.4587362
2008	152.4546273
2009	209.2966643
2010	116.0419435
2011	184.2329511
2012	150.4943469
2013	161.8216405
2014	200.0551061
2015	211.1836984
2016	176.9535166
2017	188.3850992
2018	183.1961968
2019	184.8285521
2020	171.2820154
2021	136.3844432
2022	176.6377611
2023	174.2476331
2024	185.1806954
2025	136.6046589
2026	201.4924095
2027	192.7145139
2028	166.3492794
2029	215.8014825
2030	157.5561961
2031	192.3291622
2032	222.5681274
2033	194.1195137
2034	154.9305811
2035	117.7220662
2036	134.952724
2037	235.0326583
2038	164.5011164
2039	178.5549859
2040	125.1054808
2041	162.968762
2042	131.5854177
2043	183.9727966
2044	199.7876697
2045	163.8284814
2046	123.4986337
2047	152.8252678
2048	259.1186779
2049	144.9448758
2050	143.3431096
2051	187.9457222
2052	149.9129018
2053	177.3353194
2054	159.0050199
2055	135.1074155
2056	187.3385802
2057	236.119874
2058	162.7565853
2059	190.9149316
2060	196.8619097
2061	183.5132404
2062	208.3510604
2063	173.8149035
2064	158.0034864
2065	124.2626093
2066	182.4020923
2067	175.192044
2068	212.4802548
2069	216.8497023
2070	205.8501393
2071	176.2651911
2072	216.1426276
2073	155.2823938
2074	141.9673245
2075	161.6183262
2076	156.0391291
2077	156.985928
2078	160.8657026
2079	197.5629851
2080	198.6849732
2081	205.0338761
2082	167.2091406
2083	203.7097235
2084	200.3574711
2085	122.0963171
2086	186.4839376
2087	178.7966157
2088	156.952556
2089	93.44696886
2090	155.4087429
2091	188.7157531
2092	204.1981367
2093	185.1646927
2094	158.1303625
2095	197.6671998
2096	139.9898715
2097	147.1318146
2098	168.0323987
2099	171.6772184
2100	177.0364172
2101	158.5008013
2102	172.1172502
2103	150.0211499
2104	209.750132
2105	190.190643
2106	219.1279584
2107	175.8771117
2108	167.6152221
2109	129.6778098
2110	182.9777114
2111	227.611093
2112	190.251003
2113	194.523726
2114	163.5311651
2115	196.2598974
2116	188.9305932
2117	220.2637912
2118	177.6100275
2119	142.2508703
2120	163.706099
2121	201.9602211
2122	185.1355111
2123	237.4811004
2124	187.5378029
2125	213.5854287
2126	196.1614122
2127	130.0726436
2128	199.554407
2129	171.9577811
2130	203.1363119
2131	175.1804471
2132	182.2209809
2133	199.5883135
2134	196.8904132
2135	168.5228853
2136	174.17415
2137	149.4621483
2138	163.1631318
2139	168.8522082
2140	139.2016176
2141	196.7000561
2142	143.7959561
2143	210.3742855
2144	135.4929872
2145	135.4222483
2146	214.8802491
2147	158.8621287
2148	214.7757492
2149	219.6712453
2150	101.6928392
2151	180.6276343
2152	193.7760525
2153	165.5920091
2154	232.4070722
2155	172.5669396
2156	164.8671706
2157	206.4438998
2158	138.7545275
2159	205.6287344
2160	169.6126467
2161	227.6035987
2162	185.2209188
2163	195.8241136
2164	171.8236102
2165	99.16869383
2166	161.6152434
2167	222.2830916
2168	148.2445604
2169	178.9448097
2170	163.3529447
2171	220.2678209
2172	189.717325
2173	190.8191623
2174	149.4297889
2175	178.8434734
2176	175.349715
2177	93.47910661
2178	189.6569987
2179	106.6562836
2180	187.9579745
2181	189.7141877
2182	162.3029134
2183	202.4782888
2184	75.21492058
2185	137.7209175
2186	205.5893477
2187	142.672204
2188	156.9256881
2189	212.4918184
2190	217.8077726
2191	147.1028887
2192	163.0296766
2193	195.7295681
2194	185.1047674
2195	193.1444168
2196	162.7970122
2197	158.4207413
2198	185.3702308
2199	175.3344071
2200	160.1834398
2201	168.2116209
2202	174.3149224
2203	141.7776835
2204	174.452117
2205	181.8534521
2206	218.7960711
2207	211.7895631
2208	206.6322643
2209	196.4979966
2210	173.1721272
2211	177.0216308
2212	158.1448678
2213	167.0157814
2214	196.9717873
2215	161.2518067
2216	129.9215704
2217	202.1527509
2218	228.2860251
2219	178.8223467
2220	179.5401509
2221	207.2654597
2222	189.1774663
2223	169.3768133
2224	257.7905478
2225	209.0957122
2226	151.101055
2227	152.9598726
2228	165.8203004
2229	154.541465
2230	154.1392724
2231	167.8417066
2232	146.3940623
2233	140.4504329
2234	155.1247458
2235	206.0974972
2236	188.1172226
2237	210.6604208
2238	106.9316685
2239	170.3117793
2240	214.3337176
2241	158.1191338
2242	195.715992
2243	200.5327918
2244	164.2921991
2245	180.1793123
2246	163.7900438
2247	161.6484404
2248	240.4276487
2249	189.6916407
2250	173.1387106
2251	124.9707249
2252	144.167035
2253	143.0898053
2254	184.5735617
2255	167.826072
2256	171.6942111
2257	192.0664072
2258	164.1991576
2259	265.1068543
2260	207.0605583
2261	132.8160087
2262	172.3529018
2263	240.7466631
2264	133.1430245
2265	155.8057234
2266	148.3789123
2267	239.3483426
2268	190.9574289
2269	173.7330148
2270	168.6793812
2271	146.7705697
2272	179.5039654
2273	199.0711179
2274	189.0386381
2275	178.2412045
2276	174.7442343
2277	149.9063877
2278	225.7067282
2279	136.5628062
2280	174.5589751
2281	133.2673454
2282	197.2436727
2283	188.9580515
2284	212.9878528
2285	168.2603599
2286	195.1607544
2287	219.2451161
2288	204.8358495
2289	242.7818077
2290	195.5706813
2291	116.7408883
2292	199.6972829
2293	176.3910649
2294	125.2215081
2295	178.4354944
2296	129.1820289
2297	120.7247907
2298	127.0137878
2299	185.3218677
2300	152.4351226
2301	171.5116379
2302	160.7109612
2303	207.0229543
2304	116.5459489
2305	175.9905649
2306	95.50379026
2307	204.2348332
2308	129.2144372
2309	173.9241736
2310	185.1960744
2311	174.8502685
2312	165.3344223
2313	202.872723
2314	160.1589215
2315	126.3369347
2316	131.2486937
2317	143.2061293
2318	218.9134954
2319	159.9084359
2320	167.1661768
2321	213.331075
2322	196.5309536
2323	199.4342552
2324	194.8693078
2325	184.7955729
2326	159.0450439
2327	139.5455547
2328	147.0425099
2329	208.760478
2330	189.9447818
2331	117.3608651
2332	233.2599653
2333	212.1964476
2334	144.390536
2335	257.8108336
2336	196.3371966
2337	192.1745596
2338	183.8968445
2339	149.4734301
2340	182.9898753
2341	220.3624869
2342	141.0143524
2343	184.9235933
2344	162.1752414
2345	184.7034902
2346	165.0788653
2347	242.2442724
2348	130.0958043
2349	112.3508962
2350	185.0303445
2351	181.1478577
2352	123.1161583
2353	151.1815029
2354	183.9412694
2355	129.6075831
2356	193.5773909
2357	255.5168731
2358	205.4739004
2359	138.1371692
2360	200.4213565
2361	233.7134793
2362	168.1566141
2363	172.8945847
2364	160.4737893
2365	204.726334
2366	138.6432892
2367	142.0413883
2368	169.2144775
2369	170.6894702
2370	178.3601742
2371	156.5236437
2372	205.8613211
2373	168.6078461
2374	119.7858009
2375	183.4543367
2376	228.43612
2377	183.6974523
2378	193.4947385
2379	143.9831275
2380	229.1918489
2381	196.3679566
2382	207.2267068
2383	163.0917709
2384	192.4574603
2385	236.516146
2386	199.9049991
2387	222.7052255
2388	169.6844894
2389	165.8893366
2390	218.5062177
2391	177.8511715
2392	155.5567653
2393	160.6480671
2394	196.4882795
2395	131.378675
2396	182.0202991
2397	175.6975973
2398	169.1039297
2399	194.9185844
2400	205.936565
2401	133.517465
2402	107.9119058
2403	86.90797041
2404	108.2326676
2405	113.1531279
2406	79.14226417
2407	90.409169
2408	79.52718169
2409	106.3857222
2410	98.03821586
2411	113.8786362
2412	83.23570113
2413	70.98828413
2414	124.4669221
2415	101.4916532
2416	75.65960514
2417	102.2008516
2418	79.08719371
2419	73.73185119
2420	100.4141865
2421	97.86457478
2422	103.9488295
2423	72.70443255
2424	88.82542562
2425	88.07693341
2426	84.76061053
2427	76.01101423
2428	103.5925534
2429	71.29573581
2430	79.92154121
2431	104.857865
2432	127.3219281
2433	111.7957423
2434	94.9836285
2435	112.4588147
2436	92.40285602
2437	103.212106
2438	96.76682435
2439	88.91576781
2440	109.3400125
2441	104.6823895
2442	86.68504566
2443	100.4071076
2444	106.9305449
2445	98.38075136
2446	96.56581976
2447	88.91432817
2448	79.81194966
2449	89.64897648
2450	71.39960968
2451	89.67921321
2452	107.2293073
2453	135.4741837
2454	106.6224179
2455	96.36028054
2456	103.0780277
2457	114.216919
2458	88.14738731
2459	93.59392378
2460	86.58875356
2461	110.9370304
2462	87.54785861
2463	115.8826721
2464	98.77598736
2465	87.70296613
2466	89.64013996
2467	74.35483887
2468	117.9059557
2469	107.9327384
2470	126.2310614
2471	134.7967845
2472	120.3474982
2473	77.10290549
2474	86.77499421
2475	112.4331032
2476	90.93895748
2477	89.47407542
2478	100.5358395
2479	83.8061649
2480	119.7754625
2481	87.77047283
2482	55.37335946
2483	62.17845246
2484	102.7632856
2485	106.9793177
2486	89.4566872
2487	120.4147211
2488	95.62779214
2489	92.34103834
2490	103.6140871
2491	86.22645042
2492	101.4134073
2493	95.35537994
2494	95.5785411
2495	58.18678968
2496	87.18567052
2497	63.48751416
2498	75.79012847
2499	98.16166276
2500	87.25643158
2501	97.00243622
2502	55.71508622
2503	125.6364387
2504	92.51627139
2505	107.8806275
2506	77.19701668
2507	68.60593619
2508	134.3596467
2509	107.439721
2510	119.8172346
2511	95.51981108
2512	102.535527
2513	91.56448392
2514	95.02302101
2515	105.2333234
2516	104.1750517
2517	100.4292562
2518	133.9836708
2519	96.77909086
2520	80.01118362
2521	103.6763136
2522	84.93969517
2523	121.2729564
2524	114.1983484
2525	75.0864761
2526	88.27699079
2527	88.23225529
2528	126.7180969
2529	129.3957753
2530	113.0417175
2531	91.14454316
2532	97.88078916
2533	115.1239065
2534	90.76247121
2535	66.4318551
2536	88.69713771
2537	108.5382666
2538	99.76038309
2539	93.74646738
2540	110.3287156
2541	134.7649767
2542	113.2890161
2543	110.2999065
2544	127.2935836
2545	100.947944
2546	84.3792281
2547	76.40787445
2548	142.2098128
2549	97.33189048
2550	85.51538738
2551	78.09062564
2552	99.19060669
2553	92.77357571
2554	132.6916963
2555	84.5652553
2556	108.7721776
2557	80.18440604
2558	115.7821429
2559	96.99638688
2560	87.37163277
2561	102.7159096
2562	73.54759506
2563	113.1173248
2564	107.7644304
2565	92.43733852
2566	69.92085338
2567	87.33526285
2568	95.27384676
2569	97.20229119
2570	74.7726301
2571	111.4263656
2572	122.2619603
2573	75.4028159
2574	112.7664144
2575	90.95373925
2576	103.1975929
2577	101.4631927
2578	86.44588224
2579	78.27581544
2580	127.2972766
2581	97.44594222
2582	99.43108529
2583	73.12745073
2584	54.53679129
2585	95.88912178
2586	95.0650955
2587	75.35853845
2588	82.82717115
2589	75.18131874
2590	100.4302078
2591	119.7525926
2592	66.57352246
2593	104.812399
2594	88.97950435
2595	106.1885958
2596	86.30748382
2597	93.05807731
2598	98.16281578
2599	108.9024079
2600	131.7919191
2601	104.6594414
2602	77.24054884
2603	100.9667435
2604	84.17781074
2605	99.98304858
2606	130.9368822
2607	89.46926284
2608	100.7461618
2609	93.11230647
2610	122.4030826
2611	85.33408342
2612	126.4040317
2613	101.7353503
2614	134.9568419
2615	103.7167583
2616	93.35836452
2617	127.2465782
2618	132.0187702
2619	79.77744228
2620	56.42029154
2621	94.96919056
2622	128.0668228
2623	96.00254267
2624	83.10626863
2625	101.2128818
2626	78.18467411
2627	119.1230264
2628	116.2990192
2629	105.3532606
2630	103.9247336
2631	112.3700868
2632	78.687233
2633	87.43945556
2634	94.26286317
2635	103.9010052
2636	134.6815484
2637	90.17487263
2638	57.12537767
2639	75.26412689
2640	119.1345081
2641	109.2053832
2642	83.67587731
2643	77.31015533
2644	110.192891
2645	97.30846112
2646	91.8063078
2647	117.2075496
2648	67.89465414
2649	122.9920032
2650	61.31394834
2651	96.4257993
2652	114.1457056
2653	85.5999309
2654	132.6010923
2655	84.28982166
2656	104.8857355
2657	72.55691137
2658	103.7971681
2659	108.9555408
2660	93.78206298
2661	82.29682531
2662	86.0711354
2663	92.89509372
2664	94.02501746
2665	73.82432036
2666	108.3996339
2667	89.83206989
2668	96.42873034
2669	51.30012323
2670	78.65375038
2671	91.50922402
2672	87.98813366
2673	83.11395118
2674	102.9767008
2675	87.25843626
2676	104.7915906
2677	101.3928123
2678	91.06774465
2679	82.69180629
2680	118.8633103
2681	99.03587163
2682	127.0605921
2683	100.2455307
2684	112.2434638
2685	127.8419027
2686	65.34615125
2687	110.1952414
2688	70.30908841
2689	118.7999714
2690	84.32866495
2691	103.8695738
2692	88.75648051
2693	79.61027193
2694	79.32068279
2695	88.16277276
2696	99.49760844
2697	95.09100352
2698	85.30474959
2699	97.78440987
2700	61.14430727
2701	114.7372168
2702	82.36468657
2703	88.76590299
2704	87.87127495
2705	104.204654
2706	139.0391238
2707	80.76349077
2708	104.1202812
2709	103.1673613
2710	77.77000202
2711	112.0210696
2712	99.66887742
2713	73.90637611
2714	88.39393181
2715	96.63435369
2716	94.26186741
2717	107.2808462
2718	76.36873329
2719	77.43073162
2720	102.3768746
2721	97.86438384
2722	93.48223892
2723	94.28402973
2724	101.1162994
2725	91.27799955
2726	109.4034592
2727	103.2151889
2728	76.20960798
2729	101.1483195
2730	82.79880188
2731	115.4014946
2732	70.47384558
2733	107.2617293
2734	116.0567131
2735	88.06180887
2736	94.04973422
2737	140.803657
2738	95.38046702
2739	121.8232571
2740	100.0896455
2741	116.4231149
2742	87.01690497
2743	75.09457039
2744	50.36803866
2745	67.09863498
2746	126.5412515
2747	113.1582854
2748	89.03001446
2749	115.9402939
2750	88.34257545
2751	101.6164987
2752	110.9135907
2753	129.1327505
2754	103.3859868
2755	72.67325045
2756	111.6277982
2757	129.2342227
2758	84.9027694
2759	112.4217074
2760	129.8013044
2761	116.6468438
2762	100.083314
2763	106.9991204
2764	54.58639388
2765	99.54202409
2766	97.3874803
2767	76.80162543
2768	56.6576175
2769	75.90383414
2770	100.6664422
2771	100.5160532
2772	82.76661612
2773	94.31211997
2774	64.37370359
2775	103.3028487
2776	127.6788507
2777	114.6912021
2778	117.8491224
2779	99.23884811
2780	101.4864295
2781	98.49696274
2782	117.6670888
2783	103.536939
2784	107.7218934
2785	97.96823495
2786	91.89905246
2787	66.95773948
2788	83.75337294
2789	99.87072155
2790	101.0526583
2791	93.28550117
2792	80.72409059
2793	78.58170618
2794	80.84926772
2795	105.6134903
2796	89.14840621
2797	109.6211998
2798	83.92887516
2799	114.904957
2800	63.4406024
2801	101.2396424
2802	102.3247003
2803	48.22463867
2804	117.1373878
2805	69.26316602
2806	113.11374
2807	106.4437159
2808	94.28880846
2809	72.00260744
2810	78.78897252
2811	99.67046516
2812	107.7194813
2813	83.49483799
2814	87.03503469
2815	124.6108542
2816	63.80556221
2817	115.7997632
2818	99.71736161
2819	94.38717304
2820	58.48618282
2821	102.6218133
2822	89.50406815
2823	89.9920548
2824	85.27592037
2825	69.72738409
2826	115.0606226
2827	89.45461126
2828	120.008282
2829	136.5363901
2830	107.9722783
2831	102.3403475
2832	102.6992775
2833	112.1666528
2834	85.19339173
2835	106.6988212
2836	85.0504167
2837	98.72194381
2838	91.48265249
2839	97.9263235
2840	92.44991289
2841	97.13765567
2842	83.94407198
2843	113.7119186
2844	105.5787818
2845	81.68264152
2846	116.8633126
2847	84.72682946
2848	95.81491377
2849	109.4580532
2850	80.20242307
2851	86.80747443
2852	102.301089
2853	94.12673146
2854	90.12858969
2855	84.88901338
2856	93.60522412
2857	86.39482253
2858	110.2509381
2859	74.90229396
2860	91.86634934
2861	96.08200115
2862	123.5444617
2863	125.2718248
2864	114.6968093
2865	80.46183042
2866	96.51631178
2867	59.10403768
2868	111.5760381
2869	77.12602373
2870	110.038255
2871	83.14182911
2872	119.7842387
2873	98.19660508
2874	81.9445926
2875	58.17503745
2876	99.41697251
2877	74.30101685
2878	74.43804287
2879	82.7772207
2880	102.9102521
2881	111.0702113
2882	137.6642926
2883	105.6766746
2884	116.2253912
2885	101.5979789
2886	91.87110366
2887	131.1832088
2888	82.2970624
2889	108.900116
2890	73.86321244
2891	84.50713346
2892	82.5044227
2893	74.95776475
2894	114.0390902
2895	80.13801198
2896	78.42225632
2897	102.7243766
2898	132.9317645
2899	88.81760734
2900	96.36498402
2901	116.0497259
2902	100.9920327
2903	98.31650927
2904	99.92565393
2905	98.41635498
2906	100.1324206
2907	113.0781084
2908	123.9831706
2909	98.17889585
2910	89.39007973
2911	101.0204672
2912	81.82171942
2913	114.6026359
2914	102.5057135
2915	89.19107674
2916	94.74830364
2917	105.7036053
2918	106.9808714
2919	70.8570142
2920	99.38885505
2921	115.5864851
2922	65.01098449
2923	116.7187797
2924	126.6171517
2925	88.91755798
2926	95.93673464
2927	92.62078636
2928	82.56568748
2929	98.56436874
2930	80.95150912
2931	68.17554818
2932	99.66840995
2933	107.308511
2934	71.07429057
2935	100.8351546
2936	66.9978577
2937	80.61795097
2938	90.28341326
2939	123.2962857
2940	107.0248728
2941	110.7604527
2942	95.77886418
2943	78.61238011
2944	98.30645787
2945	128.6027221
2946	97.6313598
2947	76.36125542
2948	117.6173101
2949	73.35387586
2950	114.2877465
2951	81.84588974
2952	102.674149
2953	115.2757025
2954	118.1109155
2955	83.46360864
2956	70.83738789
2957	60.02432741
2958	100.9175102
2959	120.3995677
2960	68.22024375
2961	74.23077825
2962	92.31705657
2963	111.7766436
2964	106.5773487
2965	83.8513497
2966	104.2518109
2967	95.89443648
2968	113.7645298
2969	91.1234869
2970	106.7783541
2971	115.6055562
2972	70.11802544
2973	73.41599298
2974	81.88059615
2975	91.67318216
2976	113.5954916
2977	89.14806196
2978	74.41700393
2979	66.80193047
2980	91.8762695
2981	92.87130297
2982	78.55864683
2983	103.8167211
2984	99.61333213
2985	112.9779633
2986	125.9011412
2987	86.09793422
2988	104.243738
2989	71.90051361
2990	83.0997962
2991	106.5160889
2992	74.07893136
2993	102.73846
2994	76.0912497
2995	108.7193471
2996	89.76093056
2997	109.6845066
2998	117.5927256
2999	98.7624749
3000	94.59734311
3001	72.0195825
3002	100.8920621
3003	100.212073
3004	114.8519557
3005	101.9910253
3006	89.55295491
3007	96.95229967
3008	129.8813539
3009	103.9499401
3010	79.22351078
3011	70.7177412
3012	108.4951384
3013	131.2145523
3014	75.16191291
3015	97.01052981
3016	95.47402895
3017	87.44542808
3018	79.03350392
3019	114.3742274
3020	121.907325
3021	78.74568641
3022	78.0512154
3023	97.57875669
3024	107.1803953
3025	82.30752389
3026	64.54472963
3027	93.77457146
3028	70.51283383
3029	78.36082008
3030	60.39547498
3031	117.568952
3032	103.3585529
3033	96.37363053
3034	109.6314335
3035	83.2453844
3036	98.34681204
3037	82.68617644
3038	94.14718426
3039	114.0713591
3040	126.1150029
3041	101.2680906
3042	124.445456
3043	81.78808842
3044	78.83976882
3045	116.2432575
3046	121.1946101
3047	76.44959439
3048	91.67333712
3049	131.197933
3050	80.3269837
3051	128.7418235
3052	95.89377713
3053	57.8574942
3054	116.2013741
3055	73.86966595
3056	99.3813427
3057	103.2598273
3058	92.12661332
3059	99.55113624
3060	85.54190827
3061	87.19798536
3062	118.0312543
3063	118.0514989
3064	86.50789023
3065	83.35417292
3066	71.79809054
3067	115.2870999
3068	118.7458917
3069	100.2906253
3070	75.95521684
3071	75.92023511
3072	89.12577837
3073	117.8212013
3074	95.9714294
3075	90.19577316
3076	102.5544201
3077	95.02656678
3078	107.4341599
3079	85.60060978
3080	127.0595091
3081	61.20425832
3082	70.69250746
3083	56.01950294
3084	61.35731592
3085	127.9884449
3086	92.10776761
3087	81.56331382
3088	92.90128345
3089	64.17433883
3090	102.925121
3091	139.645741
3092	104.1145425
3093	108.5673805
3094	130.7538421
3095	108.2865468
3096	104.8705792
3097	105.9351514
3098	72.48827383
3099	106.4582558
3100	68.87160225
3101	93.49724717
3102	101.3756813
3103	119.3731615
3104	80.32915001
3105	145.7338729
3106	59.18781044
3107	122.7311033
3108	117.9967431
3109	104.4366778
3110	108.4702513
3111	108.2061009
3112	108.589309
3113	111.1722931
3114	72.9295881
3115	69.17991156
3116	93.81656378
3117	122.7181787
3118	77.53977228
3119	71.64614627
3120	74.54362678
3121	119.2640581
3122	58.7015237
3123	57.62986612
3124	77.28451347
3125	89.09741528
3126	72.33803724
3127	90.26496941
3128	92.87957737
3129	99.1076346
3130	96.56889255
3131	98.86829157
3132	85.97611867
3133	100.3851256
3134	94.69985843
3135	77.20534766
3136	60.63676553
3137	98.44203644
3138	50.36971572
3139	132.0569777
3140	81.24950824
3141	107.1761945
3142	87.84237717
3143	88.65958332
3144	92.82566882
3145	103.113385
3146	91.17935815
3147	125.4440313
3148	94.4342714
3149	70.95171773
3150	92.76422127
3151	79.72488905
3152	85.72331908
3153	80.88027575
3154	105.8032296
3155	91.62089846
3156	110.4278711
3157	89.39005817
3158	98.61861189
3159	102.0765658
3160	87.56421898
3161	74.19694948
3162	90.77869007
3163	103.1344783
3164	95.26808202
3165	115.5977765
3166	64.40029042
3167	123.8638192
3168	100.1217652
3169	101.3272955
3170	50.17283472
3171	134.7831395
3172	86.7129956
3173	65.66044905
3174	75.76689037
3175	75.1119882
3176	139.967034
3177	116.1967563
3178	102.0819985
3179	80.38054033
3180	107.3246591
3181	116.035322
3182	88.99005889
3183	95.11673156
3184	113.4517504
3185	103.841672
3186	92.81410373
3187	104.2565391
3188	96.50639305
3189	82.64279296
3190	56.04076724
3191	150.569415
3192	123.2140341
3193	108.6670081
3194	127.4496517
3195	93.64631625
3196	98.65223024
3197	90.8133053
3198	65.49325453
3199	73.59964463
3200	74.10192317
3201	85.90297584
3202	80.25874657
3203	98.18386261
3204	108.7226524
3205	93.22341344
3206	92.51785882
3207	71.38718529
3208	109.7249177
3209	93.01976753
3210	95.1510657
3211	77.36792123
3212	75.53485622
3213	74.72457272
3214	82.65415937
3215	82.20106189
3216	102.8541232
3217	114.552101
3218	104.0250189
3219	110.6155224
3220	113.9883903
3221	92.4243913
3222	100.4401672
3223	111.8538215
3224	112.6300184
3225	101.6600639
3226	126.3103869
3227	112.8327998
3228	119.0800888
3229	112.1495627
3230	75.28563404
3231	116.0626415
3232	67.72923103
3233	78.09564006
3234	84.19378682
3235	88.24170426
3236	99.5777673
3237	133.399604
3238	77.59360152
3239	88.20915287
3240	89.11118369
3241	90.735564
3242	84.81104737
3243	107.1544142
3244	103.3023871
3245	104.1010085
3246	103.6855089
3247	75.14348826
3248	91.97423327
3249	96.77142899
3250	110.4197674
3251	71.52445952
3252	87.82330729
3253	93.18420315
3254	67.89542615
3255	85.5972282
3256	61.17727973
3257	75.99809897
3258	140.2195077
3259	106.8052117
3260	83.51596445
3261	111.1419612
3262	105.3938712
3263	96.72954601
3264	131.1176535
3265	109.6510228
3266	115.7644789
3267	96.5062184
3268	101.7266761
3269	93.69545056
3270	112.0003996
3271	113.3608359
3272	104.2643023
3273	116.7089508
3274	103.7475632
3275	89.78559786
3276	135.2822631
3277	114.9494047
3278	89.90239582
3279	94.88040927
3280	120.9472018
3281	96.33718034
3282	134.1127709
3283	81.06466879
3284	95.1868267
3285	87.25812821
3286	142.4990425
3287	111.1565903
3288	88.09262547
3289	102.7773778
3290	72.08881624
3291	107.1148253
3292	75.83716651
3293	120.1359848
3294	67.44444795
3295	132.9519029
3296	93.31786498
3297	54.69380863
3298	89.65985417
3299	91.08195651
3300	134.881181
3301	79.81228145
3302	96.28801705
3303	76.01277886
3304	93.12291049
3305	66.43273007
3306	74.93635554
3307	91.83750932
3308	110.7035867
3309	97.08317465
3310	111.0269408
3311	75.98586495
3312	88.30145726
3313	100.470845
3314	61.58533431
3315	97.35729904
3316	90.28352999
3317	92.73460995
3318	103.5672519
3319	60.7529292
3320	94.97432377
3321	59.08740062
3322	57.86603115
3323	122.2943891
3324	97.80233886
3325	73.86449188
3326	98.53267076
3327	134.8532291
3328	78.42948516
3329	78.23021301
3330	92.33265905
3331	71.89956445
3332	79.09534275
3333	96.79770085
3334	92.40255983
3335	117.4551479
3336	93.55466726
3337	80.23899439
3338	120.3813075
3339	74.74359299
3340	99.50007651
3341	104.5888941
3342	83.86246664
3343	111.9648653
3344	128.6122768
3345	71.13948377
3346	75.11335229
3347	91.8101607
3348	109.22049
3349	58.08384533
3350	79.49682985
3351	95.75012994
3352	84.95262822
3353	101.3942747
3354	80.31245623
3355	122.2774163
3356	105.6807414
3357	85.48637039
3358	97.87257827
3359	86.20458528
3360	100.8777767
3361	70.95557771
3362	97.75700366
3363	86.58676662
3364	128.6442743
3365	91.92516572
3366	74.70017088
3367	104.9146021
3368	97.40898017
3369	97.45243448
3370	110.8660651
3371	83.59257136
3372	75.09058725
3373	80.83686155
3374	83.65819
3375	84.75968925
3376	78.49021214
3377	127.7899524
3378	75.56221991
3379	120.2052154
3380	79.80913415
3381	61.20208496
3382	66.1057652
3383	128.196269
3384	91.60563971
3385	95.02077049
3386	89.61139024
3387	98.80804598
3388	110.1714603
3389	48.95846511
3390	80.30317918
3391	92.92926128
3392	108.234206
3393	104.6249599
3394	99.69955984
3395	71.44198856
3396	96.86707967
3397	68.84894286
3398	86.584512
3399	109.09202
3400	93.41621715
3401	67.82074296
3402	99.14716342
3403	125.0847882
3404	116.1617484
3405	118.3840434
3406	131.0441555
3407	54.47900426
3408	117.8171025
3409	100.7194562
3410	76.919987
3411	99.79140563
3412	105.5093234
3413	118.2039434
3414	101.2296937
3415	97.36382043
3416	78.4498313
3417	88.64837298
3418	100.8089305
3419	105.2077558
3420	122.8692445
3421	116.6173969
3422	89.82225106
3423	73.59276512
3424	88.45913291
3425	112.1778685
3426	98.03753084
3427	111.5021272
3428	104.0202343
3429	109.9000578
3430	109.1264588
3431	44.49706297
3432	116.6254823
3433	78.68250229
3434	96.9594754
3435	109.5400417
3436	115.6356248
3437	86.30695763
3438	69.82735886
3439	75.74753747
3440	99.45404265
3441	48.31110417
3442	67.68707453
3443	103.6614063
3444	75.10546917
3445	100.2484789
3446	106.401341
3447	66.14927477
3448	92.26447532
3449	113.0651579
3450	110.1406161
3451	112.7496783
3452	92.60811022
3453	138.9176754
3454	87.32120655
3455	102.5352558
3456	110.6184985
3457	84.7140857
3458	125.8804362
3459	88.79768783
3460	99.19846045
3461	112.3651573
3462	89.55404766
3463	97.31345018
3464	98.33938894
3465	93.63728334
3466	86.2434811
3467	86.29248287
3468	97.9537615
3469	130.5274689
3470	127.1865685
3471	68.72953483
3472	73.57007471
3473	107.6498022
3474	81.91047494
3475	64.84368105
3476	91.50468153
3477	100.786595
3478	105.3297044
3479	86.41765337
3480	82.25681689
3481	100.4548985
3482	105.9110042
3483	81.7292768
3484	109.4619289
3485	97.59407288
3486	88.04652825
3487	99.27246888
3488	90.44408154
3489	77.25488607
3490	65.84468662
3491	120.9624738
3492	106.5883378
3493	96.58138985
3494	139.7512073
3495	89.57612114
3496	84.44344107
3497	110.8057938
3498	118.3246672
3499	84.03163437
3500	90.42517302
3501	122.3273664
3502	90.09929745
3503	84.11471563
3504	103.4771451
3505	99.87218909
3506	65.41943699
3507	69.86015641
3508	130.8404686
3509	112.1111493
3510	82.07413632
3511	77.51969369
3512	74.00420753
3513	103.869868
3514	86.1878491
3515	127.2996843
3516	98.30659513
3517	126.3125683
3518	135.2011693
3519	91.15109589
3520	112.6155743
3521	103.1975887
3522	91.56086672
3523	83.97215131
3524	102.0122992
3525	108.0365861
3526	101.695865
3527	91.05017624
3528	96.30952226
3529	63.13569017
3530	60.12959526
3531	84.13938217
3532	109.4354314
3533	90.0412128
3534	147.7358625
3535	136.4775427
3536	113.1939604
3537	105.9253427
3538	102.1166087
3539	94.21062686
3540	120.4997344
3541	141.5241639
3542	120.8088867
3543	112.3931064
3544	82.21858022
3545	100.3238962
3546	89.46213869
3547	87.86923371
3548	102.3011883
3549	84.66730452
3550	116.9888738
3551	76.33471413
3552	118.5977882
3553	87.6385914
3554	68.23164644
3555	106.428949
3556	122.990419
3557	110.7103519
3558	104.7763933
3559	89.93024649
3560	62.24024235
3561	107.5067837
3562	64.0425684
3563	98.54385127
3564	103.5524868
3565	53.35028013
3566	73.11446149
3567	88.7038459
3568	87.06910691
3569	115.9271969
3570	95.69890789
3571	122.7863084
3572	113.0158715
3573	87.99667985
3574	96.84412727
3575	67.7742881
3576	95.52631154
3577	81.20211303
3578	97.4869127
3579	73.60583967
3580	81.98686813
3581	105.9738154
3582	73.03219038
3583	67.95456942
3584	125.2810958
3585	107.8756689
3586	87.67821791
3587	92.36003297
3588	73.50895014
3589	128.525761
3590	119.026663
3591	111.446875
3592	65.7744853
3593	62.01557169
3594	81.51388339
3595	64.84455501
3596	103.2680634
3597	122.1757939
3598	89.26952134
3599	97.04851821
3600	108.9988297
