i	DJIA-MINS
1	12172.98
2	12177.38
3	12174.74
4	12172.42
5	12174.9
6	12179.07
7	12180.83
8	12181.07
9	12178.03
10	12178.19
11	12178.67
12	12180.19
13	12181.63
14	12191.56
15	12187.56
16	12190.76
17	12184.6
18	12179.55
19	12177.38
20	12180.43
21	12183.23
22	12182.51
23	12180.83
24	12187.16
25	12186.84
26	12187.48
27	12185
28	12183.63
29	12184.27
30	12185
31	12182.11
32	12185.16
33	12192.61
34	12193.33
35	12199.34
36	12215.6
37	12210.87
38	12211.99
39	12211.99
40	12211.75
41	12217.04
42	12230.02
43	12229.46
44	12224.41
45	12222.57
46	12221.29
47	12213.68
48	12214.56
49	12213.2
50	12217.6
51	12215.68
52	12215.36
53	12214.24
54	12205.02
55	12199.02
56	12201.42
57	12199.74
58	12198.53
59	12200.54
60	12203.1
61	12198.69
62	12196.93
63	12194.77
64	12201.5
65	12203.58
66	12205.02
67	12211.59
68	12219.44
69	12235.79
70	12244.76
71	12248.2
72	12243.24
73	12247.88
74	12252.37
75	12248.68
76	12243.64
77	12244.6
78	12253.17
79	12249.09
80	12247.48
81	12243.8
82	12247.72
83	12256.22
84	12258.22
85	12258.54
86	12257.02
87	12259.66
88	12259.98
89	12261.1
90	12274.4
91	12268.95
92	12268.95
93	12256.54
94	12253.41
95	12238.75
96	12238.67
97	12237.55
98	12230.82
99	12227.37
100	12222.01
101	12221.93
102	12232.26
103	12243.8
104	12237.79
105	12231.06
106	12238.67
107	12237.15
108	12233.3
109	12215.44
110	12199.02
111	12196.21
112	12176.18
113	12182.43
114	12183.87
115	12181.31
116	12182.75
117	12170.42
118	12169.93
119	12142.94
120	12140.93
121	12128.76
122	12132.04
123	12145.58
124	12140.69
125	12143.1
126	12146.78
127	12146.62
128	12155.11
129	12159.76
130	12157.52
131	12155.99
132	12154.39
133	12159.12
134	12157.44
135	12156.88
136	12155.75
137	12148.22
138	12154.15
139	12156.88
140	12157.92
141	12157.84
142	12166.97
143	12178.19
144	12184.76
145	12183.15
146	12183.71
147	12206.31
148	12203.26
149	12199.02
150	12178.75
151	12178.91
152	12183.23
153	12180.43
154	12181.63
155	12173.3
156	12168.33
157	12167.37
158	12172.9
159	12170.01
160	12176.5
161	12180.99
162	12176.74
163	12170.34
164	12169.77
165	12168.89
166	12167.53
167	12167.29
168	12169.53
169	12169.93
170	12169.77
171	12165.29
172	12169.85
173	12171.86
174	12167.05
175	12152.39
176	12150.63
177	12140.77
178	12140.05
179	12136.85
180	12151.35
181	12151.59
182	12150.31
183	12153.19
184	12152.79
185	12158.96
186	12148.7
187	12147.82
188	12142.54
189	12137.73
190	12137.17
191	12139.33
192	12142.7
193	12144.38
194	12144.62
195	12134.77
196	12135.97
197	12137.41
198	12150.15
199	12149.59
200	12142.46
201	12138.13
202	12124.91
203	12131.56
204	12137.49
205	12126.43
206	12125.95
207	12121.39
208	12125.95
209	12121.39
210	12128.76
211	12120.1
212	12122.19
213	12125.95
214	12119.22
215	12111.53
216	12105.12
217	12102.08
218	12095.43
219	12097.03
220	12103.92
221	12098.71
222	12102.48
223	12104.8
224	12108.01
225	12107.61
226	12112.33
227	12111.21
228	12119.7
229	12122.27
230	12132.84
231	12132.12
232	12127.31
233	12125.87
234	12134.12
235	12135.09
236	12146.22
237	12147.58
238	12148.78
239	12139.57
240	12138.21
241	12145.1
242	12149.03
243	12160.32
244	12157.2
245	12167.85
246	12175.46
247	12175.7
248	12184.68
249	12177.47
250	12179.79
251	12180.03
252	12193.57
253	12193.81
254	12194.13
255	12233.86
256	12212.15
257	12217.92
258	12235.55
259	12227.21
260	12226.89
261	12226.49
262	12222.25
263	12228.34
264	12230.58
265	12228.26
266	12229.7
267	12245.64
268	12242.36
269	12244.36
270	12239.63
271	12237.07
272	12239.79
273	12234.34
274	12232.66
275	12244.92
276	12241.55
277	12240.67
278	12235.87
279	12226.73
280	12222.57
281	12225.13
282	12225.69
283	12225.29
284	12224.57
285	12226.25
286	12228.98
287	12235.55
288	12234.91
289	12236.99
290	12238.99
291	12241.31
292	12245.8
293	12252.13
294	12257.34
295	12266.31
296	12261.1
297	12263.91
298	12265.91
299	12265.27
300	12263.67
301	12261.74
302	12260.78
303	12261.18
304	12260.7
305	12255.57
306	12252.69
307	12250.93
308	12250.85
309	12252.05
310	12258.14
311	12258.54
312	12257.02
313	12256.54
314	12258.54
315	12256.06
316	12255.17
317	12257.02
318	12258.06
319	12257.02
320	12262.14
321	12256.14
322	12256.38
323	12254.05
324	12251.49
325	12259.5
326	12260.7
327	12261.42
328	12259.02
329	12261.74
330	12262.14
331	12261.26
332	12259.82
333	12259.58
334	12258.54
335	12260.62
336	12264.23
337	12266.15
338	12269.91
339	12274.08
340	12272.8
341	12269.11
342	12267.67
343	12273.68
344	12273.76
345	12277.69
346	12282.41
347	12291.22
348	12296.75
349	12303.24
350	12303.24
351	12299.32
352	12296.59
353	12298.92
354	12298.43
355	12298.27
356	12300.36
357	12300.12
358	12296.99
359	12289.22
360	12290.98
361	12294.03
362	12293.07
363	12291.22
364	12294.59
365	12291.87
366	12296.11
367	12295.39
368	12306.85
369	12307.89
370	12292.75
371	12288.74
372	12284.9
373	12287.78
374	12278.89
375	12280.25
376	12273.68
377	12272.88
378	12277.77
379	12279.77
380	12282.41
381	12288.1
382	12285.14
383	12278.41
384	12272.4
385	12274.4
386	12272
387	12273.76
388	12281.53
389	12282.33
390	12283.85
391	12290.66
392	12278.97
393	12288.02
394	12284.9
395	12287.94
396	12281.45
397	12281.93
398	12276.88
399	12277.45
400	12287.7
401	12288.66
402	12288.58
403	12296.91
404	12307.97
405	12310.13
406	12295.23
407	12316.38
408	12311.41
409	12316.14
410	12334
411	12324.87
412	12322.07
413	12310.21
414	12313.98
415	12307.41
416	12310.37
417	12314.46
418	12312.21
419	12309.41
420	12317.1
421	12317.42
422	12316.22
423	12314.38
424	12311.49
425	12311.09
426	12304.84
427	12305.64
428	12307.65
429	12310.69
430	12313.34
431	12316.22
432	12318.22
433	12317.18
434	12311.41
435	12315.34
436	12316.54
437	12322.31
438	12322.31
439	12313.82
440	12313.9
441	12312.93
442	12307.17
443	12303.72
444	12300.28
445	12299.88
446	12292.43
447	12296.75
448	12301.32
449	12301.48
450	12304.2
451	12304.52
452	12306.37
453	12307.73
454	12309.49
455	12310.05
456	12318.38
457	12316.3
458	12314.3
459	12312.05
460	12305.72
461	12307.17
462	12303.16
463	12311.09
464	12310.93
465	12311.01
466	12316.7
467	12317.26
468	12316.94
469	12316.3
470	12315.34
471	12317.66
472	12319.18
473	12319.9
474	12325.51
475	12325.35
476	12319.18
477	12312.77
478	12310.77
479	12318.7
480	12319.02
481	12315.5
482	12319.18
483	12319.1
484	12320.79
485	12320.79
486	12315.74
487	12315.34
488	12313.5
489	12314.14
490	12314.06
491	12314.46
492	12312.21
493	12316.06
494	12316.94
495	12321.75
496	12320.23
497	12321.43
498	12329.6
499	12327.76
500	12323.83
501	12322.71
502	12324.07
503	12326.31
504	12328
505	12334.08
506	12334.57
507	12330.8
508	12331.36
509	12329.36
510	12330.32
511	12329.6
512	12323.19
513	12315.34
514	12312.61
515	12327.19
516	12321.43
517	12325.43
518	12321.27
519	12323.99
520	12321.43
521	12319.9
522	12328.72
523	12328.96
524	12328.8
525	12327.36
526	12326.55
527	12328.32
528	12329.92
529	12329.12
530	12331.84
531	12331.6
532	12331.92
533	12324.31
534	12321.83
535	12317.58
536	12316.94
537	12318.78
538	12318.3
539	12310.05
540	12316.7
541	12314.06
542	12304.2
543	12304.52
544	12309.73
545	12311.97
546	12314.38
547	12317.26
548	12319.02
549	12329.68
550	12331.84
551	12332.72
552	12328.24
553	12327.68
554	12325.59
555	12332.32
556	12321.35
557	12325.83
558	12330.16
559	12327.52
560	12321.83
561	12321.03
562	12320.87
563	12321.35
564	12323.67
565	12325.75
566	12323.99
567	12323.35
568	12327.44
569	12333.12
570	12326.07
571	12323.99
572	12321.03
573	12321.67
574	12320.47
575	12317.1
576	12316.06
577	12317.42
578	12317.98
579	12318.46
580	12318.54
581	12311.17
582	12313.98
583	12316.86
584	12312.85
585	12314.86
586	12318.62
587	12320.23
588	12319.9
589	12320.14
590	12320.87
591	12316.94
592	12316.38
593	12316.06
594	12315.42
595	12318.46
596	12318.86
597	12319.66
598	12323.27
599	12325.51
600	12323.67
601	12323.59
602	12326.39
603	12321.59
604	12322.47
605	12320.79
606	12320.47
607	12320.95
608	12320.79
609	12327.03
610	12324.15
611	12316.46
612	12315.1
613	12311.17
614	12310.69
615	12315.98
616	12316.62
617	12318.22
618	12318.22
619	12316.94
620	12315.58
621	12316.62
622	12316.06
623	12318.14
624	12321.83
625	12320.71
626	12315.9
627	12318.54
628	12313.42
629	12310.37
630	12313.34
631	12314.06
632	12314.06
633	12314.86
634	12310.53
635	12311.01
636	12307.57
637	12306.77
638	12299.96
639	12300.36
640	12304.2
641	12303.24
642	12299
643	12301.16
644	12302.12
645	12303.4
646	12303.56
647	12304.44
648	12307.65
649	12311.41
650	12309.49
651	12309.25
652	12325.51
653	12343.3
654	12344.98
655	12345.22
656	12349.47
657	12352.43
658	12354.03
659	12348.99
660	12351.79
661	12356.6
662	12356.68
663	12341.37
664	12346.82
665	12348.58
666	12340.41
667	12335.53
668	12335.61
669	12335.53
670	12333.76
671	12334
672	12328.16
673	12328.48
674	12332.32
675	12332.48
676	12332.64
677	12307.09
678	12302.76
679	12306.05
680	12308.21
681	12310.61
682	12312.77
683	12313.66
684	12311.33
685	12315.74
686	12313.9
687	12310.37
688	12312.37
689	12316.06
690	12310.77
691	12308.13
692	12300.44
693	12303
694	12298.75
695	12298.84
696	12303.4
697	12303.64
698	12305.32
699	12302.04
700	12301.16
701	12303.4
702	12299.16
703	12304.84
704	12308.85
705	12314.06
706	12315.5
707	12317.9
708	12313.01
709	12314.54
710	12306.61
711	12310.13
712	12310.53
713	12311.09
714	12311.89
715	12312.29
716	12314.78
717	12313.82
718	12316.46
719	12317.18
720	12317.98
721	12315.98
722	12317.98
723	12317.1
724	12314.38
725	12316.3
726	12318.62
727	12316.22
728	12313.26
729	12318.06
730	12317.1
731	12312.69
732	12313.26
733	12312.05
734	12312.21
735	12311.73
736	12310.61
737	12310.85
738	12310.53
739	12313.26
740	12312.85
741	12313.58
742	12312.61
743	12314.54
744	12313.1
745	12314.7
746	12314.38
747	12315.26
748	12321.59
749	12322.71
750	12323.11
751	12319.82
752	12314.78
753	12315.02
754	12315.18
755	12313.82
756	12313.42
757	12314.62
758	12316.46
759	12315.82
760	12315.02
761	12312.77
762	12311.41
763	12305.88
764	12303
765	12304.84
766	12301.56
767	12293.39
768	12295.79
769	12297.39
770	12298.19
771	12296.03
772	12296.11
773	12290.9
774	12281.61
775	12284.25
776	12282.89
777	12283.05
778	12282.89
779	12284.82
780	12286.1
781	12283.61
782	12286.42
783	12289.14
784	12294.27
785	12291.54
786	12291.71
787	12284.9
788	12285.06
789	12287.3
790	12281.93
791	12275.28
792	12272
793	12278.65
794	12274.56
795	12273.52
796	12271.28
797	12264.95
798	12267.67
799	12271.52
800	12271.92
801	12268.63
802	12281.69
803	12279.53
804	12276.56
805	12273.44
806	12273.52
807	12275.44
808	12277.69
809	12279.45
810	12277.45
811	12283.05
812	12282.81
813	12278.73
814	12267.35
815	12273.36
816	12274.08
817	12275.52
818	12278.41
819	12260.62
820	12266.87
821	12293.95
822	12290.34
823	12290.18
824	12288.66
825	12284.82
826	12266.23
827	12250.45
828	12249.49
829	12253.89
830	12257.98
831	12262.38
832	12252.37
833	12251.17
834	12256.06
835	12260.3
836	12260.7
837	12267.35
838	12270.48
839	12267.43
840	12275.52
841	12269.67
842	12280.89
843	12286.9
844	12286.42
845	12283.53
846	12287.62
847	12296.27
848	12296.51
849	12295.07
850	12311.49
851	12306.45
852	12317.1
853	12318.3
854	12319.18
855	12316.78
856	12313.58
857	12314.38
858	12318.06
859	12318.54
860	12315.5
861	12317.42
862	12317.98
863	12323.51
864	12323.19
865	12314.94
866	12308.21
867	12308.85
868	12310.37
869	12307.89
870	12302.76
871	12291.95
872	12293.63
873	12295.07
874	12297.71
875	12298.19
876	12299.64
877	12302.04
878	12308.77
879	12305.48
880	12306.13
881	12305.4
882	12308.53
883	12305.72
884	12303.64
885	12302.84
886	12304.52
887	12303.32
888	12301.16
889	12300.12
890	12300.6
891	12298.11
892	12294.67
893	12298.92
894	12298.59
895	12300.12
896	12301.88
897	12306.61
898	12304.04
899	12301.4
900	12304.36
901	12302.44
902	12301.4
903	12302.6
904	12299.8
905	12296.75
906	12292.51
907	12296.43
908	12296.19
909	12303
910	12305.88
911	12306.93
912	12310.37
913	12317.58
914	12313.26
915	12311.49
916	12311.33
917	12312.29
918	12313.01
919	12315.74
920	12315.98
921	12311.49
922	12309.25
923	12311.09
924	12312.85
925	12311.81
926	12312.37
927	12308.93
928	12309.65
929	12309.81
930	12305.64
931	12298.43
932	12300.52
933	12303.8
934	12304.04
935	12304.36
936	12305.4
937	12307.25
938	12307.49
939	12305.64
940	12306.85
941	12318.7
942	12306.53
943	12315.82
944	12310.29
945	12311.81
946	12318.94
947	12314.14
948	12319.26
949	12320.71
950	12324.47
951	12325.99
952	12317.1
953	12323.27
954	12324.39
955	12322.07
956	12334.32
957	12334.57
958	12339.29
959	12350.91
960	12344.82
961	12340.97
962	12337.05
963	12335.05
964	12337.77
965	12337.93
966	12338.89
967	12340.09
968	12340.25
969	12336.89
970	12333.12
971	12333.12
972	12335.85
973	12333.92
974	12329.76
975	12331.52
976	12334.4
977	12335.69
978	12334.4
979	12337.29
980	12333.2
981	12334.81
982	12336.73
983	12333.44
984	12334.57
985	12334.73
986	12339.93
987	12338.49
988	12336.81
989	12337.77
990	12337.85
991	12334.57
992	12332.56
993	12330.88
994	12334.81
995	12332.72
996	12333.28
997	12332.8
998	12334.49
999	12334.16
1000	12334.97
1001	12334.97
1002	12335.61
1003	12331.68
1004	12328.4
1005	12325.83
1006	12323.83
1007	12321.99
1008	12321.83
1009	12318.14
1010	12311.81
1011	12315.18
1012	12316.3
1013	12316.3
1014	12315.98
1015	12319.1
1016	12320.71
1017	12321.75
1018	12319.98
1019	12322.07
1020	12321.75
1021	12321.19
1022	12322.15
1023	12322.55
1024	12323.43
1025	12324.15
1026	12325.43
1027	12323.99
1028	12324.07
1029	12324.39
1030	12325.19
1031	12323.27
1032	12325.43
1033	12325.99
1034	12334
1035	12333.92
1036	12334
1037	12336.09
1038	12333.36
1039	12331.68
1040	12329.92
1041	12327.76
1042	12327.68
1043	12326.71
1044	12330.96
1045	12331.68
1046	12330.96
1047	12328.96
1048	12328.32
1049	12328.96
1050	12330.88
1051	12329.76
1052	12328.16
1053	12330.48
1054	12331.36
1055	12330.48
1056	12330.88
1057	12330
1058	12327.52
1059	12325.27
1060	12323.19
1061	12323.67
1062	12324.55
1063	12324.63
1064	12324.63
1065	12324.55
1066	12320.55
1067	12321.59
1068	12320.06
1069	12318.62
1070	12319.1
1071	12325.35
1072	12325.27
1073	12325.43
1074	12328.48
1075	12328.48
1076	12326.63
1077	12317.18
1078	12318.06
1079	12320.95
1080	12328.16
1081	12323.99
1082	12317.58
1083	12318.86
1084	12315.9
1085	12327.19
1086	12317.66
1087	12313.9
1088	12315.1
1089	12313.18
1090	12312.21
1091	12315.9
1092	12313.18
1093	12315.74
1094	12314.78
1095	12316.38
1096	12315.66
1097	12321.75
1098	12321.11
1099	12317.98
1100	12313.9
1101	12319.58
1102	12320.63
1103	12323.59
1104	12322.79
1105	12318.38
1106	12320.39
1107	12315.58
1108	12315.1
1109	12314.86
1110	12313.74
1111	12313.66
1112	12311.73
1113	12311.09
1114	12310.69
1115	12316.14
1116	12315.34
1117	12315.9
1118	12314.46
1119	12314.94
1120	12316.94
1121	12316.86
1122	12316.78
1123	12318.46
1124	12316.06
1125	12317.02
1126	12313.82
1127	12311.09
1128	12309.89
1129	12303.72
1130	12306.61
1131	12314.3
1132	12311.33
1133	12310.45
1134	12310.29
1135	12304.76
1136	12309.01
1137	12305.08
1138	12303.4
1139	12293.95
1140	12290.9
1141	12271.44
1142	12277.93
1143	12277.45
1144	12275.76
1145	12267.75
1146	12258.54
1147	12265.11
1148	12256.7
1149	12260.86
1150	12269.43
1151	12269.75
1152	12271.52
1153	12273.44
1154	12268.95
1155	12269.67
1156	12269.43
1157	12273.6
1158	12274.64
1159	12275.76
1160	12275.68
1161	12275.44
1162	12277.28
1163	12275.04
1164	12274.72
1165	12276.56
1166	12278.25
1167	12279.69
1168	12279.21
1169	12279.93
1170	12277.37
1171	12278.09
1172	12276.56
1173	12278.73
1174	12279.05
1175	12295.71
1176	12292.83
1177	12291.46
1178	12293.15
1179	12290.02
1180	12290.9
1181	12289.3
1182	12287.7
1183	12285.46
1184	12287.54
1185	12289.22
1186	12290.5
1187	12290.66
1188	12289.38
1189	12289.22
1190	12287.78
1191	12288.26
1192	12289.38
1193	12282.25
1194	12283.45
1195	12286.02
1196	12307.89
1197	12312.29
1198	12318.7
1199	12316.06
1200	12312.85
1201	12320.55
1202	12321.91
1203	12310.21
1204	12290.98
1205	12293.79
1206	12291.38
1207	12294.91
1208	12287.22
1209	12288.1
1210	12302.04
1211	12303.8
1212	12303.4
1213	12313.26
1214	12309.33
1215	12307.81
1216	12320.55
1217	12318.7
1218	12319.18
1219	12320.47
1220	12322.63
1221	12323.43
1222	12314.14
1223	12306.53
1224	12304.84
1225	12312.13
1226	12310.85
1227	12316.22
1228	12308.05
1229	12308.61
1230	12317.34
1231	12312.45
1232	12307.81
1233	12307.81
1234	12311.49
1235	12311.81
1236	12312.85
1237	12312.85
1238	12311.49
1239	12313.5
1240	12315.58
1241	12315.66
1242	12315.58
1243	12331.3
1244	12331.3
1245	12348.91
1246	12348.91
1247	12363.01
1248	12363.01
1249	12356.28
1250	12356.28
1251	12358.2
1252	12358.2
1253	12359.8
1254	12359.8
1255	12357.56
1256	12357.56
1257	12360.52
1258	12360.52
1259	12354.43
1260	12354.43
1261	12353.31
1262	12353.31
1263	12350.27
1264	12350.27
1265	12346.26
1266	12346.26
1267	12341.62
1268	12341.62
1269	12328.56
1270	12328.56
1271	12325.43
1272	12325.43
1273	12328.96
1274	12328.96
1275	12332.56
1276	12332.56
1277	12325.91
1278	12325.91
1279	12324.07
1280	12324.07
1281	12325.35
1282	12325.35
1283	12328.56
1284	12328.56
1285	12330.72
1286	12330.72
1287	12320.31
1288	12320.31
1289	12312.05
1290	12312.05
1291	12314.54
1292	12314.54
1293	12312.93
1294	12312.93
1295	12319.9
1296	12319.9
1297	12315.66
1298	12315.66
1299	12314.46
1300	12314.46
1301	12317.42
1302	12317.42
1303	12321.59
1304	12321.59
1305	12320.14
1306	12320.14
1307	12326.95
1308	12326.95
1309	12332.56
1310	12332.56
1311	12330.64
1312	12330.64
1313	12327.03
1314	12327.03
1315	12328.88
1316	12328.88
1317	12325.35
1318	12325.35
1319	12329.68
1320	12329.68
1321	12328.16
1322	12328.16
1323	12323.99
1324	12323.99
1325	12325.91
1326	12325.91
1327	12325.43
1328	12325.43
1329	12326.47
1330	12326.47
1331	12325.19
1332	12325.19
1333	12326.55
1334	12326.55
1335	12329.52
1336	12329.52
1337	12331.76
1338	12331.76
1339	12334.49
1340	12334.49
1341	12328.48
1342	12328.48
1343	12328
1344	12328
1345	12328.4
1346	12328.4
1347	12326.87
1348	12326.87
1349	12327.6
1350	12327.6
1351	12326.63
1352	12326.63
1353	12331.68
1354	12331.68
1355	12332.4
1356	12332.4
1357	12331.52
1358	12331.52
1359	12330.96
1360	12330.96
1361	12329.6
1362	12329.6
1363	12332.24
1364	12332.24
1365	12333.68
1366	12333.68
1367	12332.72
1368	12332.72
1369	12327.11
1370	12327.11
1371	12325.27
1372	12325.27
1373	12323.67
1374	12323.67
1375	12320.71
1376	12320.71
1377	12317.02
1378	12317.02
1379	12320.39
1380	12320.39
1381	12320.63
1382	12320.63
1383	12321.83
1384	12321.83
1385	12322.23
1386	12322.23
1387	12318.38
1388	12318.38
1389	12318.54
1390	12318.54
1391	12319.26
1392	12319.26
1393	12320.71
1394	12320.71
1395	12319.18
1396	12319.18
1397	12319.34
1398	12318.06
1399	12318.38
1400	12315.18
1401	12317.42
1402	12317.42
1403	12317.9
1404	12318.3
1405	12320.47
1406	12322.63
1407	12324.55
1408	12324.71
1409	12323.51
1410	12324.55
1411	12326.15
1412	12326.87
1413	12323.51
1414	12321.27
1415	12319.74
1416	12322.79
1417	12319.82
1418	12318.94
1419	12319.74
1420	12319.34
1421	12314.14
1422	12308.29
1423	12306.37
1424	12307.33
1425	12310.13
1426	12307.89
1427	12309.09
1428	12307.25
1429	12311.81
1430	12308.77
1431	12312.77
1432	12318.06
1433	12320.95
1434	12317.9
1435	12318.06
1436	12321.83
1437	12319.18
1438	12319.74
1439	12318.46
1440	12316.14
1441	12316.06
1442	12317.02
1443	12313.26
1444	12313.18
1445	12314.62
1446	12310.53
1447	12312.85
1448	12312.37
1449	12313.74
1450	12308.77
1451	12315.74
1452	12313.58
1453	12312.85
1454	12312.13
1455	12310.93
1456	12311.33
1457	12313.1
1458	12307.17
1459	12307.33
1460	12310.77
1461	12313.1
1462	12315.18
1463	12316.3
1464	12313.66
1465	12312.93
1466	12311.89
1467	12311.25
1468	12310.37
1469	12315.42
1470	12310.37
1471	12311.97
1472	12314.3
1473	12317.26
1474	12318.7
1475	12322.07
1476	12320.63
1477	12320.14
1478	12322.95
1479	12322.79
1480	12320.79
1481	12319.58
1482	12325.43
1483	12322.87
1484	12322.23
1485	12318.22
1486	12317.5
1487	12314.3
1488	12319.74
1489	12319.02
1490	12329.68
1491	12333.04
1492	12332.48
1493	12334
1494	12336.17
1495	12348.75
1496	12348.99
1497	12370.46
1498	12377.18
1499	12370.54
1500	12387.68
1501	12390.72
1502	12385.2
1503	12381.99
1504	12378.95
1505	12374.94
1506	12377.51
1507	12374.7
1508	12372.94
1509	12376.22
1510	12391.12
1511	12383.19
1512	12381.03
1513	12381.43
1514	12382.71
1515	12380.39
1516	12379.75
1517	12383.91
1518	12382.15
1519	12378.23
1520	12387.12
1521	12386.48
1522	12385.68
1523	12384.8
1524	12384.96
1525	12383.51
1526	12385.2
1527	12379.67
1528	12379.19
1529	12380.87
1530	12379.03
1531	12377.51
1532	12379.19
1533	12377.51
1534	12379.75
1535	12376.06
1536	12378.07
1537	12377.02
1538	12378.07
1539	12376.62
1540	12377.27
1541	12381.59
1542	12382.47
1543	12381.91
1544	12380.07
1545	12379.51
1546	12377.75
1547	12377.75
1548	12374.22
1549	12373.02
1550	12372.7
1551	12374.14
1552	12375.58
1553	12377.99
1554	12383.11
1555	12382.47
1556	12383.59
1557	12383.43
1558	12383.35
1559	12381.51
1560	12380.15
1561	12378.07
1562	12377.35
1563	12375.02
1564	12378.23
1565	12379.43
1566	12382.71
1567	12383.83
1568	12379.27
1569	12382.87
1570	12386.08
1571	12387.12
1572	12386.48
1573	12388.08
1574	12389.92
1575	12390.48
1576	12390.64
1577	12388.64
1578	12389.12
1579	12390.24
1580	12396.09
1581	12394.97
1582	12392.97
1583	12385.44
1584	12387.52
1585	12390.48
1586	12390.32
1587	12390.4
1588	12392.33
1589	12393.77
1590	12396.89
1591	12398.25
1592	12393.29
1593	12399.46
1594	12397.37
1595	12395.85
1596	12396.97
1597	12397.37
1598	12400.34
1599	12398.01
1600	12399.86
1601	12401.38
1602	12402.18
1603	12399.54
1604	12402.98
1605	12408.27
1606	12417.48
1607	12415.56
1608	12420.04
1609	12421.33
1610	12423.97
1611	12425.89
1612	12425.57
1613	12423.65
1614	12421.41
1615	12421.57
1616	12412.35
1617	12416.76
1618	12416.68
1619	12416.92
1620	12414.2
1621	12415.08
1622	12419
1623	12418.76
1624	12419.8
1625	12420.53
1626	12420.21
1627	12420.21
1628	12420.77
1629	12420.21
1630	12418.36
1631	12420.45
1632	12424.21
1633	12427.42
1634	12425.65
1635	12425.41
1636	12418.52
1637	12416.2
1638	12412.11
1639	12413.56
1640	12416.2
1641	12416.52
1642	12416.76
1643	12421.89
1644	12442.48
1645	12459.94
1646	12459.3
1647	12452.89
1648	12449.85
1649	12454.97
1650	12454.57
1651	12454.57
1652	12451.85
1653	12457.14
1654	12457.3
1655	12459.46
1656	12467.63
1657	12465.23
1658	12469.39
1659	12468.83
1660	12469.23
1661	12464.11
1662	12465.47
1663	12466.11
1664	12465.79
1665	12466.27
1666	12466.19
1667	12463.23
1668	12463.87
1669	12463.95
1670	12469.79
1671	12464.75
1672	12468.19
1673	12471.56
1674	12470.04
1675	12477.73
1676	12474.76
1677	12472.68
1678	12470.52
1679	12465.71
1680	12468.19
1681	12471.56
1682	12470.68
1683	12471.8
1684	12477.89
1685	12477.49
1686	12478.61
1687	12482.37
1688	12478.37
1689	12480.29
1690	12475.08
1691	12473
1692	12469.15
1693	12472.12
1694	12471.8
1695	12472.12
1696	12470.52
1697	12468.27
1698	12461.78
1699	12462.91
1700	12459.78
1701	12463.07
1702	12467.23
1703	12466.67
1704	12465.31
1705	12459.62
1706	12457.3
1707	12462.18
1708	12464.35
1709	12463.31
1710	12464.51
1711	12463.23
1712	12463.63
1713	12460.18
1714	12462.18
1715	12462.42
1716	12458.5
1717	12460.1
1718	12460.98
1719	12459.62
1720	12459.86
1721	12460.1
1722	12460.42
1723	12457.38
1724	12456.42
1725	12451.05
1726	12456.74
1727	12456.34
1728	12455.69
1729	12455.29
1730	12455.05
1731	12459.14
1732	12463.95
1733	12464.19
1734	12465.87
1735	12468.59
1736	12468.43
1737	12463.63
1738	12465.63
1739	12461.78
1740	12462.99
1741	12457.94
1742	12458.98
1743	12458.1
1744	12458.9
1745	12461.86
1746	12461.3
1747	12457.14
1748	12458.5
1749	12459.38
1750	12459.62
1751	12460.9
1752	12461.38
1753	12460.66
1754	12454.57
1755	12455.21
1756	12446.16
1757	12448.48
1758	12439.27
1759	12442.56
1760	12442.96
1761	12444.16
1762	12444.4
1763	12444.72
1764	12444.56
1765	12444.88
1766	12446.08
1767	12449.93
1768	12450.57
1769	12456.18
1770	12458.26
1771	12457.62
1772	12454.49
1773	12454.97
1774	12449.77
1775	12450.25
1776	12450.57
1777	12451.77
1778	12459.14
1779	12457.78
1780	12458.82
1781	12458.74
1782	12458.74
1783	12459.3
1784	12454.25
1785	12454.25
1786	12454.01
1787	12454.41
1788	12450.09
1789	12452.89
1790	12451.69
1791	12451.45
1792	12453.77
1793	12453.93
1794	12455.78
1795	12451.77
1796	12450.33
1797	12448.89
1798	12449.85
1799	12450.49
1800	12452.01
1801	12450.25
1802	12449.85
1803	12450.97
1804	12452.01
1805	12454.41
1806	12453.05
1807	12454.09
1808	12447.76
1809	12449.13
1810	12449.29
1811	12449.05
1812	12448.81
1813	12449.77
1814	12444.56
1815	12441.11
1816	12438.15
1817	12438.07
1818	12438.39
1819	12441.92
1820	12440.63
1821	12439.67
1822	12438.95
1823	12443.92
1824	12446.48
1825	12444.88
1826	12444
1827	12445.04
1828	12445.52
1829	12453.93
1830	12462.34
1831	12456.98
1832	12455.37
1833	12453.77
1834	12461.46
1835	12459.86
1836	12460.66
1837	12468.83
1838	12470.36
1839	12475.16
1840	12481.09
1841	12485.74
1842	12480.29
1843	12482.13
1844	12480.85
1845	12479.49
1846	12483.17
1847	12480.21
1848	12488.7
1849	12487.58
1850	12488.62
1851	12480.93
1852	12482.93
1853	12480.21
1854	12478.45
1855	12478.93
1856	12473.56
1857	12480.37
1858	12480.85
1859	12483.81
1860	12474.04
1861	12477
1862	12474.84
1863	12475.16
1864	12476.44
1865	12479.01
1866	12478.53
1867	12474.12
1868	12467.39
1869	12465.15
1870	12468.27
1871	12468.59
1872	12466.75
1873	12467.23
1874	12473.08
1875	12469.87
1876	12470.04
1877	12471.48
1878	12473.08
1879	12473.64
1880	12473
1881	12473.56
1882	12472.04
1883	12474.44
1884	12470.6
1885	12464.19
1886	12460.66
1887	12459.78
1888	12456.02
1889	12460.82
1890	12461.14
1891	12462.42
1892	12462.1
1893	12462.74
1894	12460.02
1895	12449.85
1896	12448.56
1897	12451.69
1898	12446.64
1899	12444.72
1900	12438.95
1901	12443.76
1902	12449.05
1903	12450.89
1904	12449.61
1905	12452.01
1906	12452.49
1907	12452.09
1908	12457.46
1909	12463.31
1910	12462.66
1911	12461.94
1912	12460.02
1913	12461.14
1914	12462.26
1915	12462.26
1916	12465.71
1917	12464.83
1918	12465.39
1919	12466.11
1920	12463.71
1921	12461.7
1922	12462.42
1923	12454.25
1924	12453.85
1925	12457.7
1926	12454.65
1927	12456.5
1928	12457.86
1929	12458.02
1930	12460.5
1931	12462.74
1932	12464.11
1933	12463.07
1934	12462.99
1935	12463.31
1936	12463.47
1937	12463.79
1938	12464.83
1939	12466.51
1940	12471.88
1941	12474.76
1942	12475.8
1943	12476.92
1944	12474.44
1945	12473.24
1946	12473.16
1947	12473.48
1948	12467.47
1949	12469.39
1950	12466.19
1951	12468.27
1952	12467.23
1953	12467.79
1954	12469.63
1955	12469.63
1956	12471.24
1957	12468.75
1958	12463.39
1959	12463.07
1960	12464.03
1961	12462.91
1962	12464.43
1963	12467.47
1964	12463.87
1965	12458.58
1966	12457.14
1967	12448.81
1968	12445.92
1969	12455.45
1970	12446.88
1971	12443.84
1972	12447.52
1973	12446.56
1974	12443.52
1975	12438.39
1976	12438.31
1977	12441.68
1978	12442.8
1979	12439.91
1980	12439.19
1981	12434.87
1982	12436.87
1983	12431.58
1984	12435.91
1985	12436.95
1986	12439.11
1987	12442.64
1988	12439.51
1989	12437.75
1990	12435.91
1991	12438.95
1992	12432.94
1993	12436.15
1994	12434.47
1995	12434.06
1996	12437.03
1997	12441.11
1998	12440.87
1999	12442.48
2000	12441.68
2001	12441.27
2002	12427.98
2003	12409.47
2004	12404.98
2005	12409.23
2006	12405.06
2007	12400.98
2008	12405.22
2009	12405.38
2010	12407.47
2011	12409.07
2012	12411.95
2013	12416.76
2014	12418.76
2015	12413.64
2016	12414.12
2017	12411.55
2018	12412.67
2019	12413.16
2020	12411.79
2021	12410.75
2022	12410.43
2023	12420.77
2024	12426.85
2025	12419.56
2026	12418.6
2027	12421.17
2028	12422.13
2029	12423.01
2030	12418.36
2031	12416.52
2032	12418.6
2033	12418.6
2034	12425.09
2035	12418.52
2036	12418.44
2037	12420.93
2038	12421.97
2039	12425.65
2040	12425.49
2041	12427.98
2042	12433.02
2043	12436.71
2044	12433.26
2045	12439.19
2046	12440.55
2047	12438.47
2048	12438.71
2049	12437.59
2050	12439.35
2051	12437.19
2052	12434.79
2053	12430.46
2054	12428.14
2055	12425.01
2056	12425.33
2057	12420.13
2058	12416.76
2059	12417.24
2060	12418.44
2061	12418.76
2062	12419.32
2063	12416.2
2064	12412.35
2065	12420.53
2066	12422.29
2067	12421.97
2068	12419.32
2069	12422.45
2070	12423.01
2071	12417.08
2072	12415.88
2073	12415.8
2074	12415.88
2075	12418.84
2076	12423.89
2077	12428.06
2078	12427.82
2079	12421.97
2080	12420.93
2081	12422.53
2082	12420.21
2083	12413.72
2084	12408.91
2085	12408.83
2086	12411.47
2087	12414.12
2088	12414.28
2089	12419.32
2090	12418.92
2091	12419.64
2092	12427.58
2093	12425.41
2094	12433.1
2095	12421.97
2096	12423.33
2097	12424.53
2098	12421.17
2099	12421.81
2100	12421.09
2101	12425.65
2102	12424.37
2103	12421.89
2104	12419.96
2105	12419.72
2106	12424.21
2107	12423.33
2108	12424.61
2109	12422.05
2110	12424.45
2111	12423.73
2112	12420.04
2113	12423.01
2114	12422.61
2115	12421.81
2116	12415.16
2117	12417
2118	12418.04
2119	12413.8
2120	12415.32
2121	12414.92
2122	12414.92
2123	12416.12
2124	12417.96
2125	12418.92
2126	12419.88
2127	12420.61
2128	12432.46
2129	12436.87
2130	12434.63
2131	12432.62
2132	12431.5
2133	12428.38
2134	12431.02
2135	12429.9
2136	12434.71
2137	12441.52
2138	12442.88
2139	12452.25
2140	12457.14
2141	12454.81
2142	12454.81
2143	12455.78
2144	12459.46
2145	12456.18
2146	12453.45
2147	12450.09
2148	12452.09
2149	12452.65
2150	12455.45
2151	12451.37
2152	12452.17
2153	12454.97
2154	12455.05
2155	12457.06
2156	12454.73
2157	12455.21
2158	12456.9
2159	12454.49
2160	12452.49
2161	12451.45
2162	12454.25
2163	12456.9
2164	12464.59
2165	12463.23
2166	12463.23
2167	12465.23
2168	12470.36
2169	12466.35
2170	12469.55
2171	12477.81
2172	12482.61
2173	12483.57
2174	12480.05
2175	12476.6
2176	12476.76
2177	12478.13
2178	12476.6
2179	12480.21
2180	12480.53
2181	12480.21
2182	12479.65
2183	12474.28
2184	12477.57
2185	12474.28
2186	12474.12
2187	12469.71
2188	12468.99
2189	12469.55
2190	12471.96
2191	12470.92
2192	12470.92
2193	12470.92
2194	12470.92
2195	12472.12
2196	12471.24
2197	12471.32
2198	12472.28
2199	12481.81
2200	12463.07
2201	12459.06
2202	12460.26
2203	12468.19
2204	12468.19
2205	12466.43
2206	12468.19
2207	12467.79
2208	12464.75
2209	12473.24
2210	12473.08
2211	12471.24
2212	12476.76
2213	12476.2
2214	12480.69
2215	12483.73
2216	12486.38
2217	12481.49
2218	12482.61
2219	12479.41
2220	12479.73
2221	12480.37
2222	12478.29
2223	12481.49
2224	12481.41
2225	12482.61
2226	12482.45
2227	12480.69
2228	12480.45
2229	12479.01
2230	12477.57
2231	12487.58
2232	12483.81
2233	12478.61
2234	12477.73
2235	12480.37
2236	12482.13
2237	12484.05
2238	12483.49
2239	12485.9
2240	12486.54
2241	12485.26
2242	12484.38
2243	12485.42
2244	12485.82
2245	12488.7
2246	12490.46
2247	12491.18
2248	12495.83
2249	12496.07
2250	12497.43
2251	12496.15
2252	12495.99
2253	12496.63
2254	12495.99
2255	12495.51
2256	12492.23
2257	12489.98
2258	12490.14
2259	12491.26
2260	12490.78
2261	12490.86
2262	12491.26
2263	12491.18
2264	12490.22
2265	12489.5
2266	12490.46
2267	12488.46
2268	12489.9
2269	12490.14
2270	12490.38
2271	12491.91
2272	12491.75
2273	12492.87
2274	12494.15
2275	12494.55
2276	12496.31
2277	12495.99
2278	12492.79
2279	12492.47
2280	12492.63
2281	12492.95
2282	12491.51
2283	12492.07
2284	12488.94
2285	12490.3
2286	12489.82
2287	12488.62
2288	12492.07
2289	12492.47
2290	12490.46
2291	12492.63
2292	12490.86
2293	12483.73
2294	12486.94
2295	12486.46
2296	12483.57
2297	12482.69
2298	12483.73
2299	12485.9
2300	12484.38
2301	12484.05
2302	12484.86
2303	12485.02
2304	12485.74
2305	12484.21
2306	12486.7
2307	12486.22
2308	12486.94
2309	12486.94
2310	12486.62
2311	12485.82
2312	12476.2
2313	12477.81
2314	12477.89
2315	12477.73
2316	12478.29
2317	12478.05
2318	12477.16
2319	12475.56
2320	12473.72
2321	12476.68
2322	12475.4
2323	12472.92
2324	12466.99
2325	12466.51
2326	12468.51
2327	12469.95
2328	12469.87
2329	12468.19
2330	12472.12
2331	12472.2
2332	12473.72
2333	12474.84
2334	12475.32
2335	12475.8
2336	12474.84
2337	12478.45
2338	12478.21
2339	12474.6
2340	12477
2341	12477.81
2342	12477.57
2343	12479.33
2344	12478.69
2345	12480.53
2346	12486.3
2347	12484.46
2348	12483.17
2349	12481.65
2350	12480.37
2351	12485.26
2352	12476.44
2353	12474.92
2354	12477.16
2355	12475.16
2356	12476.68
2357	12476.92
2358	12475.48
2359	12476.6
2360	12474.2
2361	12475.32
2362	12474.92
2363	12476.52
2364	12477.89
2365	12472.92
2366	12473.48
2367	12472.84
2368	12471.16
2369	12472.92
2370	12473
2371	12477.16
2372	12475.56
2373	12477.65
2374	12477.65
2375	12473.88
2376	12473.08
2377	12475.16
2378	12475.64
2379	12476.76
2380	12479.57
2381	12477.89
2382	12478.61
2383	12476.28
2384	12476.76
2385	12478.45
2386	12473.72
2387	12475.16
2388	12472.52
2389	12471.32
2390	12470.84
2391	12469.47
2392	12465.71
2393	12463.95
2394	12464.11
2395	12465.55
2396	12465.15
2397	12465.15
2398	12463.87
2399	12459.86
2400	12460.82
2401	12468.83
2402	12468.35
2403	12467.95
2404	12468.83
2405	12473.96
2406	12480.53
2407	12482.05
2408	12480.29
2409	12477.49
2410	12481.81
2411	12481.81
2412	12478.77
2413	12473.56
2414	12469.87
2415	12463.55
2416	12472.68
2417	12475.16
2418	12472.2
2419	12472.36
2420	12468.75
2421	12469.63
2422	12467.31
2423	12466.11
2424	12458.58
2425	12457.62
2426	12455.53
2427	12458.18
2428	12459.94
2429	12463.63
2430	12467.63
2431	12463.87
2432	12464.35
2433	12462.18
2434	12462.02
2435	12461.38
2436	12465.47
2437	12465.79
2438	12464.99
2439	12461.46
2440	12460.42
2441	12459.94
2442	12460.74
2443	12458.98
2444	12451.21
2445	12455.29
2446	12455.78
2447	12457.94
2448	12457.46
2449	12461.22
2450	12458.34
2451	12461.38
2452	12457.54
2453	12460.82
2454	12461.38
2455	12464.27
2456	12468.03
2457	12466.83
2458	12464.03
2459	12461.14
2460	12462.34
2461	12461.06
2462	12460.5
2463	12461.94
2464	12464.43
2465	12464.27
2466	12464.83
2467	12465.15
2468	12461.46
2469	12463.47
2470	12459.3
2471	12456.9
2472	12456.34
2473	12456.18
2474	12449.77
2475	12452.09
2476	12452.41
2477	12450.01
2478	12447.2
2479	12445.76
2480	12448.16
2481	12448.81
2482	12438.39
2483	12426.85
2484	12430.38
2485	12431.74
2486	12435.67
2487	12434.87
2488	12431.1
2489	12430.94
2490	12419.32
2491	12419.4
2492	12411.47
2493	12412.19
2494	12413.8
2495	12412.67
2496	12414.84
2497	12412.43
2498	12414.68
2499	12419
2500	12416.92
2501	12417.88
2502	12414.04
2503	12409.79
2504	12398.17
2505	12402.74
2506	12401.94
2507	12409.79
2508	12410.35
2509	12407.87
2510	12408.83
2511	12409.95
2512	12406.99
2513	12409.63
2514	12411.87
2515	12416.52
2516	12421.89
2517	12429.42
2518	12425.81
2519	12419.64
2520	12419.96
2521	12423.57
2522	12426.85
2523	12421.97
2524	12418.68
2525	12421.17
2526	12420.45
2527	12425.25
2528	12413.72
2529	12413.64
2530	12414.92
2531	12403.7
2532	12407.39
2533	12410.75
2534	12410.11
2535	12412.11
2536	12414.2
2537	12413.16
2538	12412.27
2539	12413.72
2540	12414.04
2541	12414.6
2542	12415.4
2543	12429.5
2544	12429.42
2545	12424.93
2546	12430.62
2547	12426.69
2548	12429.66
2549	12428.38
2550	12426.45
2551	12425.81
2552	12429.02
2553	12426.45
2554	12422.13
2555	12422.29
2556	12418.44
2557	12415.4
2558	12418.12
2559	12419.72
2560	12423.01
2561	12423.65
2562	12423.81
2563	12425.17
2564	12426.37
2565	12432.78
2566	12430.86
2567	12433.34
2568	12426.61
2569	12427.34
2570	12425.41
2571	12423.09
2572	12423.09
2573	12421.97
2574	12422.13
2575	12421.17
2576	12424.93
2577	12426.37
2578	12423.57
2579	12423.17
2580	12422.05
2581	12420.85
2582	12420.13
2583	12421.65
2584	12424.37
2585	12423.73
2586	12423.65
2587	12425.41
2588	12426.05
2589	12424.77
2590	12422.45
2591	12421.25
2592	12416.84
2593	12412.35
2594	12408.43
2595	12403.06
2596	12392.97
2597	12389.2
2598	12377.83
2599	12371.1
2600	12371.9
2601	12383.59
2602	12379.59
2603	12379.67
2604	12377.83
2605	12380.63
2606	12374.3
2607	12367.89
2608	12370.22
2609	12360.76
2610	12355.63
2611	12359.8
2612	12364.45
2613	12361
2614	12364.13
2615	12366.77
2616	12364.69
2617	12365.57
2618	12367.89
2619	12373.26
2620	12371.98
2621	12379.35
2622	12374.06
2623	12372.62
2624	12384.39
2625	12385.28
2626	12383.11
2627	12384.56
2628	12382.87
2629	12383.35
2630	12382.87
2631	12380.87
2632	12383.67
2633	12379.27
2634	12380.55
2635	12382.31
2636	12382.55
2637	12383.43
2638	12384.15
2639	12375.34
2640	12376.38
2641	12377.67
2642	12380.39
2643	12379.67
2644	12380.63
2645	12372.78
2646	12369.81
2647	12364.53
2648	12364.45
2649	12363.49
2650	12363.17
2651	12362.28
2652	12361
2653	12359.32
2654	12354.99
2655	12356.92
2656	12357.32
2657	12356.6
2658	12356.92
2659	12363.81
2660	12361.8
2661	12361.4
2662	12362.6
2663	12360.04
2664	12357.08
2665	12357.72
2666	12357.96
2667	12358.28
2668	12358.04
2669	12358.44
2670	12356.28
2671	12345.78
2672	12346.42
2673	12353.71
2674	12354.43
2675	12354.27
2676	12354.03
2677	12345.3
2678	12345.3
2679	12345.22
2680	12342.26
2681	12342.58
2682	12344.02
2683	12346.5
2684	12350.91
2685	12349.87
2686	12351.39
2687	12348.1
2688	12347.86
2689	12348.34
2690	12352.11
2691	12358.2
2692	12364.29
2693	12360.2
2694	12365.17
2695	12368.61
2696	12369.17
2697	12368.05
2698	12367.41
2699	12360.92
2700	12361.96
2701	12362.04
2702	12358.52
2703	12358.36
2704	12354.43
2705	12348.91
2706	12351.15
2707	12351.23
2708	12355.23
2709	12356.44
2710	12353.23
2711	12353.39
2712	12354.19
2713	12356.04
2714	12356.44
2715	12354.35
2716	12354.43
2717	12349.95
2718	12345.06
2719	12347.14
2720	12346.1
2721	12346.34
2722	12346.74
2723	12351.07
2724	12349.47
2725	12350.11
2726	12346.74
2727	12346.5
2728	12349.31
2729	12355.71
2730	12360.12
2731	12358.44
2732	12355.47
2733	12356.04
2734	12357.48
2735	12356.04
2736	12354.03
2737	12359.16
2738	12354.11
2739	12353.79
2740	12355.07
2741	12354.91
2742	12355.15
2743	12354.11
2744	12354.51
2745	12355.07
2746	12361.8
2747	12355.63
2748	12355.39
2749	12355.31
2750	12351.31
2751	12351.23
2752	12354.59
2753	12357
2754	12356.52
2755	12355.55
2756	12352.43
2757	12354.99
2758	12354.43
2759	12358.52
2760	12358.28
2761	12360.36
2762	12363.09
2763	12363.73
2764	12363.17
2765	12361.16
2766	12360.6
2767	12361.56
2768	12362.68
2769	12363.01
2770	12365.89
2771	12365.49
2772	12365.09
2773	12367.97
2774	12370.22
2775	12369.33
2776	12369.09
2777	12365.65
2778	12366.05
2779	12368.37
2780	12368.21
2781	12365.97
2782	12367.17
2783	12369.01
2784	12369.57
2785	12367.81
2786	12364.69
2787	12366.69
2788	12367.25
2789	12367.41
2790	12365.09
2791	12359.72
2792	12352.59
2793	12353.15
2794	12350.03
2795	12350.59
2796	12345.86
2797	12343.3
2798	12343.22
2799	12339.21
2800	12340.81
2801	12351.87
2802	12349.87
2803	12345.06
2804	12346.34
2805	12344.82
2806	12342.74
2807	12351.63
2808	12360.76
2809	12367.73
2810	12363.97
2811	12370.94
2812	12370.38
2813	12373.58
2814	12379.51
2815	12375.58
2816	12369.33
2817	12373.5
2818	12370.54
2819	12372.86
2820	12372.22
2821	12371.98
2822	12368.29
2823	12369.01
2824	12369.73
2825	12369.73
2826	12368.13
2827	12367.01
2828	12367.41
2829	12360.68
2830	12362.92
2831	12366.53
2832	12368.69
2833	12369.17
2834	12368.85
2835	12365.17
2836	12365.65
2837	12365.57
2838	12364.93
2839	12360.12
2840	12363.49
2841	12360.92
2842	12359.32
2843	12362.6
2844	12365.17
2845	12366.13
2846	12365.01
2847	12364.05
2848	12360.36
2849	12359.24
2850	12359.4
2851	12361.56
2852	12363.89
2853	12364.05
2854	12367.01
2855	12371.18
2856	12371.9
2857	12371.42
2858	12372.38
2859	12371.58
2860	12370.05
2861	12371.42
2862	12371.82
2863	12372.86
2864	12375.9
2865	12376.22
2866	12375.82
2867	12376.06
2868	12379.11
2869	12379.11
2870	12378.79
2871	12378.79
2872	12380.31
2873	12379.43
2874	12380.39
2875	12379.43
2876	12378.39
2877	12379.99
2878	12381.35
2879	12381.27
2880	12380.95
2881	12381.03
2882	12381.27
2883	12381.51
2884	12374.14
2885	12377.1
2886	12377.43
2887	12376.7
2888	12377.51
2889	12378.39
2890	12377.67
2891	12374.46
2892	12377.43
2893	12375.82
2894	12375.98
2895	12376.22
2896	12377.67
2897	12375.9
2898	12376.14
2899	12376.06
2900	12376.78
2901	12375.98
2902	12375.66
2903	12373.26
2904	12373.66
2905	12373.66
2906	12374.06
2907	12373.58
2908	12375.34
2909	12375.58
2910	12375.34
2911	12375.42
2912	12374.62
2913	12374.86
2914	12375.66
2915	12377.43
2916	12377.1
2917	12377.02
2918	12377.43
2919	12375.42
2920	12374.62
2921	12375.74
2922	12376.06
2923	12377.35
2924	12381.83
2925	12381.43
2926	12379.19
2927	12378.71
2928	12379.59
2929	12379.43
2930	12378.79
2931	12379.43
2932	12380.39
2933	12380.23
2934	12379.35
2935	12379.91
2936	12380.95
2937	12381.83
2938	12381.91
2939	12391.12
2940	12388.8
2941	12390.64
2942	12392.73
2943	12393.29
2944	12392.49
2945	12393.05
2946	12393.13
2947	12392.73
2948	12393.53
2949	12393.69
2950	12392.65
2951	12395.53
2952	12397.29
2953	12396.81
2954	12398.17
2955	12397.45
2956	12396.41
2957	12395.85
2958	12394.97
2959	12395.93
2960	12395.29
2961	12395.21
2962	12394.65
2963	12395.21
2964	12394.81
2965	12394.97
2966	12394.81
2967	12395.13
2968	12395.85
2969	12395.13
2970	12395.37
2971	12395.85
2972	12396.25
2973	12396.33
2974	12392.17
2975	12389.52
2976	12389.52
2977	12391.44
2978	12392.49
2979	12393.69
2980	12392.73
2981	12393.85
2982	12393.53
2983	12394.09
2984	12394.49
2985	12394.65
2986	12395.61
2987	12395.21
2988	12395.85
2989	12397.45
2990	12397.21
2991	12397.37
2992	12399.06
2993	12399.62
2994	12403.3
2995	12407.07
2996	12413.4
2997	12413.72
2998	12413.88
2999	12415.48
3000	12415.24
3001	12415.08
3002	12413.96
3003	12413.64
3004	12416.2
3005	12416.12
3006	12413
3007	12416.12
3008	12407.95
3009	12407.63
3010	12408.51
3011	12408.27
3012	12436.79
3013	12452.49
3014	12463.31
3015	12462.74
3016	12466.59
3017	12471
3018	12478.77
3019	12477.89
3020	12477.49
3021	12481.17
3022	12484.38
3023	12482.85
3024	12483.41
3025	12479.49
3026	12469.07
3027	12483.97
3028	12482.45
3029	12482.13
3030	12480.29
3031	12484.86
3032	12482.21
3033	12482.61
3034	12478.37
3035	12475.64
3036	12476.76
3037	12473.24
3038	12472.92
3039	12473
3040	12473.88
3041	12475.4
3042	12484.62
3043	12479.65
3044	12476.6
3045	12477.81
3046	12475.8
3047	12476.6
3048	12479.73
3049	12484.46
3050	12480.53
3051	12481.33
3052	12481.57
3053	12483.57
3054	12484.38
3055	12484.86
3056	12488.3
3057	12487.82
3058	12491.34
3059	12491.51
3060	12491.83
3061	12492.39
3062	12492.63
3063	12490.3
3064	12484.78
3065	12485.82
3066	12490.06
3067	12489.9
3068	12489.34
3069	12486.54
3070	12487.82
3071	12488.3
3072	12486.78
3073	12483.17
3074	12482.37
3075	12484.13
3076	12484.54
3077	12485.9
3078	12486.22
3079	12486.86
3080	12487.42
3081	12484.46
3082	12482.77
3083	12481.89
3084	12482.37
3085	12483.01
3086	12484.29
3087	12483.73
3088	12484.38
3089	12483.09
3090	12484.29
3091	12481.89
3092	12480.69
3093	12479.09
3094	12478.85
3095	12480.29
3096	12481.25
3097	12483.17
3098	12482.37
3099	12482.77
3100	12481.33
3101	12482.29
3102	12482.53
3103	12480.37
3104	12480.61
3105	12478.69
3106	12479.57
3107	12480.53
3108	12482.77
3109	12484.86
3110	12485.18
3111	12484.94
3112	12483.89
3113	12484.21
3114	12482.05
3115	12480.85
3116	12482.13
3117	12478.77
3118	12479.65
3119	12478.69
3120	12478.69
3121	12477.97
3122	12477.89
3123	12479.33
3124	12479.25
3125	12479.09
3126	12480.53
3127	12483.97
3128	12483.89
3129	12483.57
3130	12484.38
3131	12485.34
3132	12483.57
3133	12485.5
3134	12486.38
3135	12485.5
3136	12486.94
3137	12485.58
3138	12485.74
3139	12486.22
3140	12484.38
3141	12485.26
3142	12484.62
3143	12483.81
3144	12483.81
3145	12486.62
3146	12487.26
3147	12486.3
3148	12489.74
3149	12494.79
3150	12494.55
3151	12494.39
3152	12495.59
3153	12495.83
3154	12496.47
3155	12496.39
3156	12498.31
3157	12499.6
3158	12499.68
3159	12496.87
3160	12496.47
3161	12497.51
3162	12496.07
3163	12497.35
3164	12497.99
3165	12496.39
3166	12496.47
3167	12497.03
3168	12497.03
3169	12498.07
3170	12497.03
3171	12499.6
3172	12500.88
3173	12501.28
3174	12500.72
3175	12500.16
3176	12500.24
3177	12500.08
3178	12498.72
3179	12502.24
3180	12504.4
3181	12505.93
3182	12508.09
3183	12509.69
3184	12510.49
3185	12509.77
3186	12508.65
3187	12507.53
3188	12506.09
3189	12510.01
3190	12509.29
3191	12509.69
3192	12509.13
3193	12508.01
3194	12506.73
3195	12506.73
3196	12508.01
3197	12506.97
3198	12503.04
3199	12502.08
3200	12503.92
3201	12508.01
3202	12506.41
3203	12506.33
3204	12506.01
3205	12507.93
3206	12508.73
3207	12514.58
3208	12511.77
3209	12510.57
3210	12506.17
3211	12506.25
3212	12507.37
3213	12515.22
3214	12511.69
3215	12514.58
3216	12514.1
3217	12503.28
3218	12506.09
3219	12502.32
3220	12497.19
3221	12493.91
3222	12491.59
3223	12495.19
3224	12500.64
3225	12511.53
3226	12499.6
3227	12499.04
3228	12510.57
3229	12511.29
3230	12509.77
3231	12503.12
3232	12501.36
3233	12492.79
3234	12491.99
3235	12494.87
3236	12498.47
3237	12496.63
3238	12491.51
3239	12489.26
3240	12490.22
3241	12491.75
3242	12489.18
3243	12489.5
3244	12491.99
3245	12492.95
3246	12494.95
3247	12496.71
3248	12496.47
3249	12497.35
3250	12495.75
3251	12495.67
3252	12499.04
3253	12498.39
3254	12497.19
3255	12494.71
3256	12492.31
3257	12492.15
3258	12493.35
3259	12489.5
3260	12488.7
3261	12489.18
3262	12486.54
3263	12487.26
3264	12487.74
3265	12488.86
3266	12486.94
3267	12489.82
3268	12491.91
3269	12493.51
3270	12493.67
3271	12493.19
3272	12493.03
3273	12493.59
3274	12494.07
3275	12495.75
3276	12493.03
3277	12494.79
3278	12489.82
3279	12490.86
3280	12489.58
3281	12489.66
3282	12488.38
3283	12486.14
3284	12483.41
3285	12486.06
3286	12485.1
3287	12484.78
3288	12484.7
3289	12479.09
3290	12480.53
3291	12479.57
3292	12480.13
3293	12484.29
3294	12484.86
3295	12485.42
3296	12482.29
3297	12481.73
3298	12483.73
3299	12483.65
3300	12491.99
3301	12489.9
3302	12489.18
3303	12490.94
3304	12493.19
3305	12493.83
3306	12493.91
3307	12493.67
3308	12493.99
3309	12494.63
3310	12494.55
3311	12495.27
3312	12496.87
3313	12496.79
3314	12494.79
3315	12494.63
3316	12494.15
3317	12494.63
3318	12494.07
3319	12493.91
3320	12493.51
3321	12494.07
3322	12493.51
3323	12491.83
3324	12491.18
3325	12489.5
3326	12487.74
3327	12487.26
3328	12487.18
3329	12487.82
3330	12488.14
3331	12490.3
3332	12493.43
3333	12501.28
3334	12502.4
3335	12500.88
3336	12500.56
3337	12499.84
3338	12498.07
3339	12498.72
3340	12497.11
3341	12496.31
3342	12495.83
3343	12496.23
3344	12498.23
3345	12498.72
3346	12498.8
3347	12500.32
3348	12500.8
3349	12500.48
3350	12501.12
3351	12501.76
3352	12505.04
3353	12508.65
3354	12518.18
3355	12517.86
3356	12516.26
3357	12520.03
3358	12525.15
3359	12523.39
3360	12521.87
3361	12520.51
3362	12521.31
3363	12522.43
3364	12520.91
3365	12519.14
3366	12518.5
3367	12521.23
3368	12518.98
3369	12518.74
3370	12518.98
3371	12520.11
3372	12518.58
3373	12519.62
3374	12520.75
3375	12523.15
3376	12525.39
3377	12527.16
3378	12525.07
3379	12523.95
3380	12526.83
3381	12526.99
3382	12524.59
3383	12524.59
3384	12523.87
3385	12519.46
3386	12513.14
3387	12512.17
3388	12512.57
3389	12512.25
3390	12510.25
3391	12508.97
3392	12508.73
3393	12507.85
3394	12508.17
3395	12511.53
3396	12511.77
3397	12514.02
3398	12514.5
3399	12511.85
3400	12512.98
3401	12513.22
3402	12512.41
3403	12508.97
3404	12502.48
3405	12500
3406	12502.24
3407	12502.08
3408	12501.52
3409	12483.25
3410	12490.86
3411	12496.63
3412	12498.8
3413	12501.2
3414	12500.96
3415	12499.36
3416	12503.52
3417	12503.68
3418	12508.57
3419	12511.69
3420	12512.41
3421	12521.79
3422	12513.62
3423	12517.22
3424	12519.7
3425	12515.62
3426	12512.09
3427	12521.63
3428	12518.9
3429	12512.9
3430	12518.5
3431	12518.26
3432	12524.43
3433	12524.27
3434	12520.91
3435	12516.42
3436	12516.9
3437	12516.02
3438	12514.58
3439	12512.9
3440	12514.98
3441	12515.22
3442	12514.34
3443	12517.62
3444	12516.58
3445	12515.54
3446	12513.46
3447	12512.98
3448	12508.57
3449	12510.09
3450	12509.05
3451	12507.05
3452	12508.73
3453	12511.53
3454	12512.98
3455	12511.37
3456	12511.45
3457	12511.93
3458	12507.45
3459	12508.89
3460	12508.65
3461	12508.89
3462	12508.97
3463	12510.41
3464	12510.09
3465	12501.92
3466	12505.12
3467	12504.48
3468	12508.33
3469	12508.41
3470	12508.01
3471	12503.84
3472	12504.16
3473	12502.8
3474	12503.36
3475	12505.2
3476	12504.72
3477	12507.85
3478	12506.65
3479	12502
3480	12502.88
3481	12503.76
3482	12506.49
3483	12507.77
3484	12506.73
3485	12507.93
3486	12507.45
3487	12506.33
3488	12505.85
3489	12506.65
3490	12507.05
3491	12507.93
3492	12507.77
3493	12508.41
3494	12508.81
3495	12507.93
3496	12508.49
3497	12507.05
3498	12506.33
3499	12507.69
3500	12509.21
3501	12508.57
3502	12508.49
3503	12507.85
3504	12506.17
3505	12505.68
3506	12502.88
3507	12499.68
3508	12498.72
3509	12499.6
3510	12499.92
3511	12499.52
3512	12500.4
3513	12500.16
3514	12497.19
3515	12497.67
3516	12497.43
3517	12496.47
3518	12495.51
3519	12494.39
3520	12495.83
3521	12497.51
3522	12498.47
3523	12498.72
3524	12502
3525	12503.2
3526	12503.2
3527	12503.12
3528	12502.32
3529	12501.6
3530	12501.28
3531	12500.32
3532	12500.48
3533	12499.36
3534	12500.72
3535	12500.88
3536	12499.28
3537	12499.12
3538	12497.75
3539	12497.19
3540	12495.75
3541	12496.23
3542	12496.07
3543	12501.2
3544	12503.12
3545	12504.32
3546	12506.33
3547	12505.77
3548	12506.73
3549	12508.25
3550	12507.77
3551	12507.53
3552	12506.81
3553	12505.85
3554	12503.44
3555	12504.56
3556	12506.41
3557	12506.81
3558	12507.05
3559	12508.49
3560	12507.61
3561	12507.29
3562	12508.41
3563	12507.37
3564	12507.29
3565	12505.77
3566	12504.24
3567	12497.91
3568	12497.67
3569	12491.83
3570	12492.07
3571	12496.95
3572	12497.27
3573	12495.91
3574	12496.87
3575	12495.27
3576	12496.07
3577	12493.43
3578	12492.31
3579	12491.83
3580	12492.47
3581	12494.55
3582	12493.43
3583	12492.47
3584	12493.99
3585	12497.67
3586	12498.47
3587	12498.47
3588	12498.47
3589	12498.47
3590	12502.16
3591	12499.76
3592	12499.36
3593	12495.75
3594	12494.95
3595	12486.14
3596	12484.62
3597	12485.66
3598	12484.13
3599	12473.08
3600	12466.51
	12470.6
