i	"RTT(i)=(RTT+RTT_A+RTT_B+RTT_C)~LOGNORMAL(4.8,0.3)"
1	4.000432576
2	20.03759021
3	88.1539937
4	104.6030815
5	160.1546452
6	128.3875541
7	8.616441194
8	32.10836039
9	136.342785
10	32.56656764
11	136.1670693
12	44.45775956
13	180.5659338
14	208.5525539
15	64.25446602
16	12.5657686
17	60.42147866
18	244.4851168
19	208.6156734
20	72.41890017
21	40.38598436
22	168.6474783
23	172.219682
24	184.6098364
25	232.367068
26	172.4865066
27	184.2885192
28	224.1866371
29	128.2091898
30	12.56139774
31	56.39320772
32	236.2209505
33	184.2318876
34	224.3919481
35	128.7273841
36	0.582495014
37	4.48896908
38	20.773886
39	80.59331759
40	72.35038635
41	44.49625707
42	176.4475533
43	192.7321943
44	4.682846615
45	24.68066351
46	108.3820335
47	188.324256
48	240.2025319
49	204.297842
50	48.52288477
51	196.5376534
52	24.57260219
53	96.67988604
54	140.5961843
55	56.5515393
56	236.2444456
57	180.702798
58	216.3901271
59	100.1883929
60	144.2443709
61	72.76859294
62	32.62329001
63	136.2793722
64	44.49484409
65	176.7527861
66	204.5336351
67	56.73533711
68	228.6988094
69	148.5359265
70	88.50459313
71	104.5212675
72	172.1744915
73	184.1893843
74	236.4028863
75	180.3099905
76	220.5088986
77	116.4012886
78	220.3406538
79	124.7513456
80	240.4872772
81	204.4408937
82	52.60958124
83	208.3591527
84	72.63724932
85	32.64208336
86	132.731384
87	20.55665989
88	88.40570815
89	108.3528292
90	188.1934517
91	252.2698937
92	244.3863371
93	212.3011073
94	84.78050622
95	88.68003391
96	100.2686834
97	152.3104307
98	108.1865342
99	184.684034
100	232.6268266
101	172.6692938
102	184.2813089
103	224.305366
104	128.1327017
105	4.445002933
106	20.4920712
107	80.19153027
108	72.10648052
109	40.10415269
110	164.425592
111	148.147057
112	80.36755762
113	72.69055544
114	36.5144901
115	148.2471115
116	80.15697219
117	68.45136699
118	24.16975711
119	108.1617083
120	188.540811
121	252.5035587
122	244.0619376
123	220.1271192
124	120.3467823
125	228.1447002
126	152.4140825
127	96.42436772
128	128.7684284
129	0.572133264
130	0.699290181
131	4.576060798
132	24.16625015
133	100.4304842
134	152.4723253
135	104.294557
136	168.0739448
137	160.2335227
138	128.2010116
139	0.75164948
140	0.589628732
141	0.193652522
142	8.215206366
143	44.15818669
144	184.5673982
145	232.7033881
146	160.5905213
147	128.6865271
148	8.39194658
149	36.59717561
150	152.3476229
151	104.4150253
152	164.5743718
153	152.6039302
154	96.57127877
155	140.4584368
156	56.31579657
157	232.4034893
158	164.1521813
159	152.5542156
160	104.3322486
161	160.5031793
162	136.171122
163	36.30040946
164	156.2410409
165	120.5833856
166	224.6088244
167	128.322445
168	12.05746658
169	60.22529899
170	240.2137214
171	196.408268
172	16.54831811
173	76.3387466
174	60.2014491
175	244.561573
176	212.6691398
177	84.61365516
178	80.37416617
179	64.23396308
180	4.449966834
181	20.25017057
182	88.25452863
183	100.3234618
184	152.5649443
185	108.5456243
186	184.3138167
187	232.6509793
188	164.3325241
189	144.3936519
190	68.64129804
191	16.6023109
192	64.15504882
193	4.623474186
194	16.12126552
195	64.30156683
196	4.331902243
197	28.67479611
198	120.6374239
199	232.5035842
200	164.5864519
201	152.3610398
202	104.4864482
203	168.2955742
204	164.6803744
205	144.7245495
206	64.46650934
207	0.675263992
208	4.728309167
209	16.40417581
210	72.27583321
211	44.3829012
212	180.252628
213	216.5742283
214	108.548935
215	188.2620775
216	248.6508683
217	228.6700724
218	156.6211723
219	120.3236437
220	224.2044379
221	140.5203321
222	60.40124242
223	248.6602342
224	232.5861149
225	164.430731
226	152.1129472
227	108.3850676
228	188.2202155
229	248.6476267
230	228.6954146
231	148.6452988
232	80.22957474
233	68.59532541
234	20.40760541
235	92.39119941
236	116.4713319
237	212.4442481
238	80.77676641
239	72.65657203
240	44.58813957
241	180.2885937
242	220.6137369
243	120.6153619
244	232.4040827
245	164.7330478
246	148.4371818
247	84.16353007
248	92.28900972
249	120.2643023
250	228.0865404
251	144.3325486
252	68.6336553
253	24.46053345
254	100.4974363
255	152.3825126
256	100.1312163
257	148.1739586
258	88.25199054
259	108.1602533
260	180.3481663
261	216.7967606
262	100.7017549
263	144.6549725
264	64.26327687
265	0.33754629
266	12.48948657
267	60.40196423
268	248.0620662
269	236.2175421
270	180.2295503
271	216.5670341
272	100.6413997
273	152.3585322
274	104.2691902
275	164.5433594
276	152.078363
277	96.27364826
278	140.3956011
279	60.47219233
280	240.5658282
281	192.3341787
282	0.366091869
283	12.31601749
284	52.70809439
285	220.3501805
286	116.5299898
287	216.2026607
288	100.0611359
289	152.1784222
290	100.5320171
291	148.1987405
292	88.65745273
293	96.53343056
294	140.5836784
295	52.57165192
296	208.5202261
297	64.18313253
298	4.345625946
299	28.67631388
300	120.2170235
301	232.4342721
302	168.5525379
303	172.6047098
304	184.4844036
305	228.4404633
306	148.7702172
307	80.5494999
308	72.08769654
309	36.36296583
310	152.2111492
311	108.6169903
312	184.5119663
313	232.2959071
314	172.452521
315	184.4312545
316	232.5623756
317	172.1042699
318	184.2762534
319	236.2647295
320	180.2578426
321	216.3256977
322	96.16963756
323	140.3796751
324	56.43363066
325	232.3670958
326	172.6638785
327	176.2193681
328	200.1600154
329	32.31890443
330	128.7422619
331	4.670265868
332	24.3130178
333	96.48049519
334	128.5465974
335	8.615851248
336	36.55603603
337	152.0631993
338	104.1660267
339	164.354422
340	152.3074828
341	108.6556566
342	180.1811587
343	216.4731602
344	96.06133802
345	128.2220045
346	8.325771388
347	36.4688087
348	148.4755026
349	92.37234669
350	120.1099775
351	236.155201
352	176.3701672
353	192.430671
354	0.250832471
355	8.433137994
356	36.62390083
357	152.5125379
358	104.3271043
359	164.3114653
360	152.6288171
361	104.2651165
362	172.1649433
363	184.206168
364	228.3746015
365	144.2345005
366	68.54371305
367	16.24141827
368	64.27979945
369	12.65406402
370	52.71215489
371	220.3185159
372	124.1646203
373	244.5241716
374	220.7548724
375	116.5613305
376	216.4818132
377	100.521086
378	152.4566252
379	100.3052476
380	144.7280073
381	64.45009838
382	4.183800722
383	24.58106038
384	100.3819259
385	152.5944456
386	108.6297134
387	180.4021372
388	208.2741569
389	72.71891711
390	44.39939591
391	184.6499799
392	232.7638579
393	168.7367546
394	164.7725745
395	156.6995926
396	120.2656761
397	224.6263634
398	140.1980039
399	52.54420912
400	208.6318355
401	76.41691091
402	60.24514187
403	240.2693945
404	192.4651464
405	4.332083834
406	28.4379704
407	112.1467789
408	204.5546364
409	52.12307073
410	212.4336846
411	88.55482504
412	100.212334
413	156.5385907
414	120.2368246
415	232.4608698
416	160.1601375
417	140.114294
418	56.33644054
419	224.2361857
420	132.4659906
421	20.21587828
422	80.64781823
423	72.14849207
424	40.45178385
425	160.3316382
426	140.3645387
427	56.14812449
428	228.1005493
429	148.223922
430	80.18423777
431	76.62978029
432	60.17919971
433	248.58591
434	228.53052
435	156.6138342
436	120.4142569
437	236.4492959
438	184.4618283
439	232.5089632
440	160.2485541
441	128.7547668
442	8.746560963
443	36.62833599
444	156.6617385
445	120.6620302
446	228.4691695
447	148.1001858
448	92.09719564
449	120.4007671
450	228.1824191
451	144.3376621
452	68.32134999
453	28.58892184
454	112.2335258
455	192.6339069
456	12.19721163
457	56.34470612
458	236.4126492
459	188.3659488
460	244.1361375
461	212.5750651
462	88.32732912
463	104.6737626
464	164.3382913
465	152.699093
466	108.5278337
467	188.2949755
468	240.1311815
469	204.0680725
470	60.23282394
471	252.2344692
472	244.523521
473	220.1677713
474	124.6231499
475	248.1367854
476	224.1826514
477	140.6845881
478	56.65720662
479	236.3080537
480	180.5345217
481	220.2036008
482	116.3525012
483	220.5037438
484	120.1336271
485	224.5458042
486	132.3274634
487	20.6051173
488	80.62384665
489	72.74806486
490	32.76292609
491	132.5663759
492	16.29404171
493	68.42523249
494	20.27956536
495	84.5888376
496	80.53169594
497	76.4306917
498	52.55951652
499	208.3601396
500	64.10662923
501	4.216269685
502	16.13512116
503	72.17043355
504	44.54851199
505	176.2511299
506	204.3859615
507	60.23344104
508	240.1694861
509	204.5208361
510	60.53789024
511	252.1826462
512	252.1568338
513	244.4540598
514	220.4816994
515	116.5947502
516	212.3019293
517	84.22592102
518	80.2097559
519	76.29146781
520	56.6729791
521	224.6236842
522	128.1585974
523	8.620028257
524	32.28751244
525	132.2880859
526	24.55418069
527	104.521323
528	172.6730567
529	176.3514801
530	196.1495878
531	24.21656762
532	100.3031021
533	152.548563
534	96.14736706
535	132.5486959
536	28.29452693
537	120.5295901
538	232.2438533
539	168.4331805
540	164.7455862
541	152.5638812
542	108.2733128
543	184.5123131
544	232.6034118
545	160.2788036
546	136.7004137
547	36.33775195
548	144.2155051
549	76.48981618
550	52.57471692
551	220.4346565
552	120.6432369
553	232.0867996
554	172.223755
555	180.3239748
556	216.2049067
557	100.440739
558	144.5518356
559	76.17816505
560	60.64308881
561	248.2988192
562	232.3239838
563	168.6290158
564	172.743625
565	180.5827679
566	208.4559512
567	68.52144697
568	20.40203598
569	80.09963438
570	72.33591949
571	36.77268383
572	144.6935271
573	64.76150998
574	0.595746412
575	12.42380906
576	52.21537796
577	216.6507017
578	100.499413
579	152.0807446
580	100.1014753
581	156.3264914
582	120.6941609
583	236.4497209
584	188.3071284
585	240.6487434
586	200.4213824
587	36.3652582
588	152.5484658
589	104.4138954
590	168.1228339
591	164.3287791
592	148.1390377
593	84.18619665
594	80.45061366
595	76.20945057
596	60.75275813
597	240.6937116
598	192.4787271
599	8.251252699
600	44.61657465
601	188.2059414
602	244.4592656
603	220.6677211
604	120.5126387
605	236.3950701
606	180.6700358
607	220.2143024
608	116.3330836
609	216.5843528
610	104.5454061
611	164.3778984
612	152.4909057
613	100.3769796
614	152.1756538
615	108.5270199
616	180.5336283
617	220.1357266
618	120.5377636
619	228.6434077
620	152.2595431
621	108.5479028
622	180.5315348
623	220.5887997
624	120.230412
625	232.0932627
626	164.2594782
627	156.1562521
628	120.2330071
629	232.6901008
630	164.4193948
631	156.5731638
632	120.6388387
633	232.4466971
634	164.6695146
635	144.3424759
636	76.60217186
637	48.49901095
638	192.1889597
639	0.506944711
640	12.41853031
641	48.68133352
642	204.2126674
643	52.54651522
644	220.4122725
645	116.2552188
646	208.3827645
647	68.45761555
648	28.26026487
649	116.6834822
650	216.4792807
651	100.2772116
652	144.7014971
653	64.34786206
654	12.18094711
655	52.71883411
656	208.5647505
657	64.69229224
658	0.468653136
659	12.37051356
660	60.43171429
661	244.3221006
662	208.5433601
663	72.58535743
664	36.57718155
665	148.457935
666	88.37546998
667	96.62466324
668	140.4369488
669	48.50582526
670	200.4247582
671	36.55256136
672	152.3293471
673	104.7861616
674	160.6431276
675	128.5031223
676	4.082613079
677	24.17843502
678	104.5356773
679	168.4717508
680	160.6944489
681	128.4293121
682	8.60277507
683	40.20066581
684	164.5150535
685	152.0421529
686	96.05230703
687	132.1361069
688	28.13265254
689	120.0884683
690	232.2309155
691	160.7135258
692	136.7848353
693	44.6635837
694	184.7463464
695	228.6773516
696	148.2942391
697	80.46792646
698	76.2749987
699	56.41575193
700	236.5115043
701	180.5819504
702	212.6973786
703	88.2655526
704	104.3723407
705	172.40817
706	188.6454439
707	252.8015277
708	252.6943336
709	244.299039
710	208.449084
711	64.51714684
712	4.547830607
713	16.54144528
714	64.4327398
715	0.74074377
716	4.59533112
717	20.06054542
718	80.13126439
719	76.16175141
720	56.53063106
721	228.1173906
722	144.0441133
723	64.14830402
724	0.520311351
725	12.33557876
726	56.35167866
727	228.3815897
728	156.6891406
729	120.5615844
730	224.2973769
731	128.2738031
732	12.344699
733	56.48817215
734	224.1901194
735	136.3954483
736	40.40179117
737	168.4227397
738	164.4793011
739	144.6904157
740	76.4804757
741	52.75159622
742	216.5116633
743	108.5713671
744	188.6775829
745	244.5203718
746	212.5551031
747	84.38623663
748	80.57564497
749	68.40471495
750	28.25262319
751	120.2219676
752	228.5012499
753	152.2063039
754	96.63719275
755	140.571677
756	56.17722051
757	228.5943414
758	156.7537624
759	120.5354192
760	232.5206614
761	172.343562
762	188.5370278
763	248.1168382
764	228.3268392
765	148.5465136
766	80.49249901
767	64.34390389
768	4.625850748
769	24.32132682
770	96.49883941
771	140.3393835
772	52.4320673
773	208.3952533
774	72.64457591
775	32.33425129
776	140.5953709
777	56.50266998
778	232.4270046
779	164.7414301
780	152.4274913
781	100.2866499
782	156.433644
783	120.512985
784	232.1911814
785	168.4960675
786	164.5861521
787	152.6745181
788	100.5390449
789	144.5423513
790	64.58770811
791	12.40286049
792	56.19955708
793	228.5127554
794	152.2095694
795	100.2166441
796	152.1581796
797	100.3966201
798	148.5044595
799	80.41226745
800	76.34032885
801	60.53171338
802	240.6298665
803	196.539332
804	20.36041232
805	88.28504037
806	96.33929876
807	136.27793
808	44.31427064
809	180.7584933
810	212.6311996
811	88.16776931
812	104.3776736
813	168.1403554
814	164.2239454
815	156.4307334
816	120.6883316
817	228.3525275
818	152.1670334
819	100.6459082
820	152.5467529
821	108.1754104
822	188.2276945
823	248.7586034
824	232.6020826
825	172.5302771
826	184.5942287
827	228.1973952
828	152.4640871
829	104.5311557
830	160.1752224
831	140.2184168
832	48.47069941
833	204.4385878
834	52.75329564
835	220.5488717
836	116.234575
837	216.4583859
838	104.1470245
839	172.3834503
840	176.5036216
841	200.2898602
842	44.50878806
843	184.5323404
844	232.3659585
845	168.2418822
846	160.1058019
847	140.4078862
848	48.3469233
849	196.6146939
850	24.61732728
851	96.43733799
852	132.4125261
853	24.2892809
854	96.61918519
855	140.4517987
856	48.56942257
857	196.3676446
858	20.14707259
859	88.17662734
860	96.13149231
861	128.1669371
862	8.589894982
863	32.09067823
864	132.3466054
865	16.10187517
866	72.28808314
867	36.60410369
868	156.297588
869	116.1261274
870	208.4947059
871	76.45118464
872	56.20044374
873	236.1860085
874	188.5556273
875	240.6893014
876	204.474656
877	48.50899966
878	204.4245563
879	52.66791244
880	212.2738053
881	84.6059811
882	88.35151248
883	100.6653794
884	148.238671
885	88.53119136
886	108.4745551
887	180.6947256
888	208.4335928
889	64.33750718
890	4.119482782
891	20.25142504
892	80.13990111
893	68.41584641
894	20.127249
895	80.41184411
896	76.19148638
897	52.38564267
898	208.5185197
899	64.50991248
900	0.410382626
901	4.209162604
902	16.49747398
903	72.69500721
904	40.58977929
905	160.5899358
906	140.3905624
907	60.14258576
908	252.446584
909	252.4011327
910	244.535868
911	216.4724036
912	100.5790161
913	148.5369594
914	92.19042785
915	120.2057028
916	228.2225592
917	156.2952643
918	120.620891
919	232.2219286
920	168.6522736
921	168.4068994
922	164.6273989
923	144.6201479
924	64.06079934
925	0.16305627
926	4.36820323
927	20.41842128
928	80.44762184
929	72.26160445
930	36.37760742
931	152.7066561
932	108.7752848
933	184.6530693
934	232.7967652
935	160.6647114
936	132.5900234
937	20.66680619
938	88.61782324
939	100.1699225
940	156.1709989
941	124.2547075
942	248.2094111
943	228.1365432
944	156.2959002
945	120.0667998
946	228.1594764
947	144.5889445
948	64.31986078
949	4.351845094
950	28.25564808
951	116.795892
952	220.7022972
953	116.6411926
954	220.4401371
955	116.6026695
956	208.2172835
957	72.30562573
958	40.39244254
959	168.2035185
960	164.6285391
961	148.3847735
962	80.23568059
963	72.28268226
964	40.34184213
965	164.4025517
966	152.2709325
967	104.3800215
968	172.1617815
969	184.4607096
970	224.7142298
971	128.3895526
972	8.29141379
973	40.16532579
974	168.6340339
975	164.70442
976	144.3206654
977	64.34761481
978	12.21334938
979	52.45087928
980	208.6054544
981	72.35872184
982	36.18674362
983	156.4623114
984	120.3444308
985	236.1840594
986	188.5323709
987	248.3407761
988	228.5453998
989	148.0561873
990	84.20072529
991	88.18701546
992	108.4124316
993	180.122738
994	220.2676621
995	116.1410613
996	208.2591792
997	68.67596662
998	28.20725865
999	120.6636113
1000	232.4115636
1001	172.6729401
1002	184.1523554
1003	224.4292521
1004	128.2066429
1005	0.329340402
1006	0.668730045
1007	8.64068926
1008	32.68254511
1009	128.6707624
1010	0.591629301
1011	0.15110882
1012	0.61564419
1013	4.559349137
1014	20.55935433
1015	80.64934844
1016	68.38157043
1017	20.62133038
1018	84.25900008
1019	92.62873615
1020	120.1410164
1021	232.3988412
1022	164.6551829
1023	152.3201297
1024	100.7193565
1025	148.3757614
1026	84.14874034
1027	80.50562211
1028	64.38365923
1029	12.68782478
1030	48.63924807
1031	196.4462358
1032	24.64538913
1033	100.1959
1034	144.1830856
1035	64.37822163
1036	0.439232979
1037	4.359095605
1038	20.51277573
1039	88.06894232
1040	100.179289
1041	148.1565733
1042	92.1924567
1043	116.541963
1044	220.2999742
1045	116.308937
1046	212.6782362
1047	84.63308062
1048	84.26264637
1049	88.17422387
1050	100.6291931
1051	152.3230816
1052	100.6331066
1053	152.6425858
1054	108.8075073
1055	188.7296187
1056	248.4163287
1057	232.3908205
1058	164.3134011
1059	148.4181313
1060	88.07172036
1061	96.16927069
1062	140.3221834
1063	60.43551426
1064	244.398645
1065	208.3597305
1066	76.63770423
1067	60.2698562
1068	240.4863544
1069	192.258671
1070	12.13563501
1071	56.47553893
1072	228.6234999
1073	144.6948014
1074	72.6719928
1075	36.71875825
1076	156.7531758
1077	120.6906139
1078	232.4352858
1079	164.326953
1080	144.3923637
1081	68.34468049
1082	24.72241902
1083	96.39537916
1084	132.7088795
1085	16.65975428
1086	72.26592378
1087	40.33294257
1088	172.2512018
1089	188.2173802
1090	252.15529
1091	244.513437
1092	212.1487795
1093	84.474358
1094	88.33240796
1095	96.26341021
1096	132.6536132
1097	28.63284533
1098	120.1749085
1099	232.7170227
1100	160.4974479
1101	128.3636048
1102	0.203081462
1103	8.527164079
1104	36.50724471
1105	152.3788973
1106	104.1747136
1107	168.3505813
1108	164.271719
1109	144.3835604
1110	72.28248334
1111	44.54410458
1112	184.3493218
1113	224.2262667
1114	132.1425259
1115	20.27717337
1116	88.22922771
1117	104.0742514
1118	160.1499691
1119	128.2853489
1120	8.153662173
1121	32.03471221
1122	136.1198626
1123	32.17670899
1124	136.1603944
1125	44.32608127
1126	180.090384
1127	208.3822896
1128	64.40559349
1129	12.49529018
1130	60.45713302
1131	244.5704647
1132	208.4546141
1133	72.67217501
1134	40.15985305
1135	168.3773391
1136	172.2298798
1137	184.4732764
1138	232.752194
1139	172.5436948
1140	184.3273691
1141	224.1099727
1142	128.1997057
1143	12.59541152
1144	56.34299083
1145	236.7221054
1146	184.5116152
1147	224.4718559
1148	128.179425
1149	0.264761586
1150	4.395761684
1151	20.40697375
1152	80.45768384
1153	72.67505288
1154	44.3573656
1155	176.4261754
1156	192.5064857
1157	4.212777579
1158	24.42290374
1159	108.6717602
1160	188.5766189
1161	240.2084442
1162	204.3494801
1163	48.76126184
1164	196.6165359
1165	24.29442395
1166	96.69633571
1167	140.3691099
1168	56.49395447
1169	236.6297654
1170	180.1252701
1171	216.4016411
1172	100.5210971
1173	144.6140792
1174	72.48370588
1175	32.55790797
1176	136.1719852
1177	44.40837711
1178	176.6474589
1179	204.469959
1180	56.34430832
1181	228.3931886
1182	148.0902398
1183	88.09186933
1184	104.111408
1185	172.4529535
1186	184.3495681
1187	236.4279633
1188	180.7024093
1189	220.658856
1190	116.6132804
1191	220.6030651
1192	124.5720152
1193	240.4908358
1194	204.4511783
1195	52.65612373
1196	208.496331
1197	72.46327675
1198	32.40387439
1199	132.284628
1200	20.04397753
1201	88.05120364
1202	108.1244097
1203	188.2480614
1204	252.4070017
1205	244.3883488
1206	212.6121851
1207	84.36901536
1208	88.53296085
1209	100.4634256
1210	152.3356159
1211	108.6196771
1212	184.511282
1213	232.7375272
1214	172.6635102
1215	184.7148862
1216	224.4027328
1217	128.581122
1218	4.231528694
1219	20.61381309
1220	80.1867279
1221	72.14188398
1222	40.13468451
1223	164.4829953
1224	148.3259744
1225	80.67643746
1226	72.66211653
1227	36.49911096
1228	148.2435397
1229	80.32451213
1230	68.74022998
1231	24.68405269
1232	108.5932885
1233	188.5774145
1234	252.6426763
1235	244.5369788
1236	220.0332149
1237	120.1212509
1238	228.494685
1239	152.603953
1240	96.56258432
1241	128.2105422
1242	0.353020411
1243	0.415788848
1244	4.314939993
1245	24.60831722
1246	100.2436743
1247	152.3992895
1248	104.3432821
1249	168.3933748
1250	160.497049
1251	128.1470881
1252	0.047133572
1253	0.11742374
1254	0.30358168
1255	8.639692743
1256	44.3780631
1257	184.5668954
1258	232.2400085
1259	160.4600508
1260	128.3819836
1261	8.251381445
1262	36.6415594
1263	152.316823
1264	104.7531546
1265	164.5102312
1266	152.5841572
1267	96.39491926
1268	140.2639236
1269	56.69874421
1270	232.5292772
1271	164.3403823
1272	152.3282668
1273	104.4459744
1274	160.6772086
1275	136.3873222
1276	36.53707625
1277	156.5185425
1278	120.7514724
1279	224.6976773
1280	128.2887303
1281	12.26256316
1282	60.59653692
1283	240.5981182
1284	196.468109
1285	16.16195297
1286	76.29925275
1287	60.59041835
1288	244.2112803
1289	212.5029107
1290	84.29507024
1291	80.34873828
1292	64.49397147
1293	4.719721116
1294	20.53085532
1295	88.2341829
1296	100.5283483
1297	152.5063428
1298	108.5726514
1299	184.2713744
1300	232.5484293
1301	164.76862
1302	144.5631162
1303	68.42565051
1304	16.28615787
1305	64.47588187
1306	4.172583918
1307	16.15207318
1308	64.38513056
1309	4.190636695
1310	28.36166318
1311	120.6853856
1312	232.473172
1313	164.2097824
1314	152.283463
1315	104.3984451
1316	168.3036177
1317	164.137295
1318	144.5283206
1319	64.60366447
1320	0.567451749
1321	4.167572676
1322	16.31435212
1323	72.51942822
1324	44.45357482
1325	180.6994544
1326	216.4856651
1327	108.6909824
1328	188.5321193
1329	248.516503
1330	228.3247758
1331	156.42449
1332	120.6907665
1333	224.4484754
1334	140.6051182
1335	60.4577725
1336	248.0540365
1337	232.1903239
1338	164.7057846
1339	152.2886801
1340	108.4829044
1341	188.4608723
1342	248.4303034
1343	228.5058318
1344	148.372375
1345	80.41335947
1346	68.65471286
1347	20.40211753
1348	92.73049131
1349	116.5103341
1350	212.1686728
1351	80.39104571
1352	72.09755152
1353	44.26775174
1354	180.3319788
1355	220.3181071
1356	120.4639615
1357	232.4292466
1358	164.6326501
1359	148.7533185
1360	84.62145917
1361	92.39029093
1362	120.5186238
1363	228.202298
1364	144.3195662
1365	68.38026181
1366	24.31587361
1367	100.4026345
1368	152.3717175
1369	100.3815366
1370	148.6365462
1371	88.2777071
1372	108.2058959
1373	180.5586564
1374	216.234952
1375	100.246745
1376	144.6059677
1377	64.62841123
1378	0.369855334
1379	12.60782627
1380	60.36103055
1381	248.1011535
1382	236.3717962
1383	180.7108816
1384	216.6731422
1385	100.3022314
1386	152.3917548
1387	104.5327394
1388	164.5520007
1389	152.1621635
1390	96.18188496
1391	140.2623767
1392	60.25320021
1393	240.3150907
1394	192.7340329
1395	0.647265317
1396	12.16585845
1397	52.08172128
1398	220.2069705
1399	116.3361669
1400	216.4742463
1401	100.1643918
1402	152.6761398
1403	100.4581319
1404	148.5478952
1405	88.333791
1406	96.77740178
1407	140.6431764
1408	52.71048141
1409	208.3977022
1410	64.54963784
1411	4.307298987
1412	28.19016979
1413	120.665372
1414	232.6145847
1415	168.5165782
1416	172.3130492
1417	184.3788752
1418	228.5738721
1419	148.547247
1420	80.18256444
1421	72.34189276
1422	36.19140107
1423	152.1326161
1424	108.2021041
1425	184.6214049
1426	232.218685
1427	172.3799924
1428	184.2637427
1429	232.5068634
1430	172.2905602
1431	184.4605059
1432	236.1415114
1433	180.5713303
1434	216.1959005
1435	96.55284635
1436	140.1318581
1437	56.40294501
1438	232.184243
1439	172.1256167
1440	176.49295
1441	200.6965163
1442	32.33009578
1443	128.3749843
1444	4.119747449
1445	24.4195553
1446	96.37879953
1447	128.5625283
1448	8.662941216
1449	36.20658227
1450	152.2970623
1451	104.4516219
1452	164.6665944
1453	152.2624482
1454	108.4751276
1455	180.6237108
1456	216.3777813
1457	96.5526602
1458	128.7653775
1459	8.592052331
1460	36.73817617
1461	148.5140159
1462	92.40107711
1463	120.68432
1464	236.243379
1465	176.5028893
1466	192.6004847
1467	0.681128745
1468	8.585455328
1469	36.30868566
1470	152.8178253
1471	104.733482
1472	164.6791147
1473	152.2415148
1474	104.4033787
1475	172.6869877
1476	184.6039601
1477	228.6577457
1478	144.7288427
1479	68.37517631
1480	16.19607067
1481	64.21605549
1482	12.6756217
1483	52.45634092
1484	220.2576007
1485	124.5660742
1486	244.6829223
1487	220.5982367
1488	116.1039177
1489	216.3356694
1490	100.6294043
1491	152.4732107
1492	100.6897703
1493	144.540504
1494	64.06686549
1495	4.26218017
1496	24.50046921
1497	100.6592229
1498	152.2562364
1499	108.5654497
1500	180.6842377
1501	208.7042425
1502	72.40072337
1503	44.31345339
1504	184.1210272
1505	232.3737004
1506	168.5078995
1507	164.4541954
1508	156.4675704
1509	120.5078558
1510	224.6386009
1511	140.2663279
1512	52.62278829
1513	208.4249284
1514	76.69891111
1515	60.52144807
1516	240.4146669
1517	192.3152241
1518	4.275575264
1519	28.20304509
1520	112.3148485
1521	204.2249888
1522	52.5083262
1523	212.2257179
1524	88.14786644
1525	100.1848899
1526	156.5281379
1527	120.5065159
1528	232.5566502
1529	160.3148253
1530	140.2564832
1531	56.10062958
1532	224.258515
1533	132.446311
1534	20.26476634
1535	80.39125181
1536	72.65846511
1537	40.50396964
1538	160.1151945
1539	140.395829
1540	56.11135318
1541	228.3017291
1542	148.6430346
1543	80.18870248
1544	76.57369724
1545	60.69685373
1546	248.6826663
1547	228.3804524
1548	156.64624
1549	120.4728402
1550	236.5271221
1551	184.7136252
1552	232.4411302
1553	160.1327503
1554	128.2656792
1555	8.390953382
1556	36.24248177
1557	156.4745751
1558	120.6518667
1559	228.2960601
1560	148.3299117
1561	92.64321235
1562	120.4572033
1563	228.1852421
1564	144.4692985
1565	68.6789683
1566	28.45382314
1567	112.1943186
1568	192.4680422
1569	12.38589337
1570	56.48754094
1571	236.5151107
1572	188.1475961
1573	244.2116571
1574	212.4812942
1575	88.07033652
1576	104.2976907
1577	164.5527921
1578	152.5075511
1579	108.4424024
1580	188.4808042
1581	240.3170275
1582	204.588877
1583	60.50506189
1584	252.4502042
1585	244.4963409
1586	220.7490429
1587	124.6955393
1588	248.6031764
1589	224.4222952
1590	140.4709491
1591	56.64198642
1592	236.3901061
1593	180.3210394
1594	220.6338728
1595	116.3336661
1596	220.3473544
1597	120.3329031
1598	224.2433758
1599	132.3352079
1600	20.33659224
1601	80.42213179
1602	72.42071156
1603	32.2773701
1604	132.5012652
1605	16.45662368
1606	68.33678453
1607	20.63973132
1608	84.56726541
1609	80.23164634
1610	76.59250906
1611	52.3717846
1612	208.4737214
1613	64.45492171
1614	4.540381552
1615	16.16352944
1616	72.28912498
1617	44.5720984
1618	176.5855998
1619	204.5793275
1620	60.53989942
1621	240.64653
1622	204.362423
1623	60.4634373
1624	252.6105228
1625	252.3830147
1626	244.4731968
1627	220.375496
1628	116.4394641
1629	212.5399793
1630	84.19112855
1631	80.41023038
1632	76.10411028
1633	56.24434616
1634	224.6374006
1635	128.5852889
1636	8.69013772
1637	32.3768588
1638	132.2809752
1639	24.43992754
1640	104.3747065
1641	172.2658822
1642	176.2910875
1643	196.218128
1644	24.18730033
1645	100.6002308
1646	152.4349763
1647	96.46762245
1648	132.518519
1649	28.39973128
1650	120.4335417
1651	232.207116
1652	168.4003989
1653	164.3385023
1654	152.7219938
1655	108.5804007
1656	184.7531214
1657	232.5200951
1658	160.2406534
1659	136.7076176
1660	36.6789041
1661	144.3154595
1662	76.33040816
1663	52.44761669
1664	220.3808039
1665	120.2002654
1666	232.2711316
1667	172.3362334
1668	180.7316226
1669	216.7116971
1670	100.319759
1671	144.2238186
1672	76.17054084
1673	60.2066099
1674	248.0880096
1675	232.3461486
1676	168.2033864
1677	172.7293061
1678	180.5220424
1679	208.3548772
1680	68.6954399
1681	20.54486963
1682	80.35041682
1683	72.13635773
1684	36.50934106
1685	144.5086223
1686	64.67825893
1687	0.546008258
1688	12.18036044
1689	52.73950821
1690	216.4684531
1691	100.5607409
1692	152.1725635
1693	100.2675357
1694	156.2166217
1695	120.3751291
1696	236.6717727
1697	188.6150433
1698	240.5687698
1699	200.2311718
1700	36.26303888
1701	152.7496914
1702	104.6298942
1703	168.4329876
1704	164.3432124
1705	148.3806264
1706	84.31284918
1707	80.19850647
1708	76.26793997
1709	60.18407685
1710	240.1867181
1711	192.630919
1712	8.412616297
1713	44.1565831
1714	188.6173957
1715	244.2870943
1716	220.1899067
1717	120.458329
1718	236.4845595
1719	180.3191404
1720	220.228512
1721	116.2280128
1722	216.2926274
1723	104.3971893
1724	164.0454689
1725	152.0890461
1726	100.217473
1727	152.2662665
1728	108.5015725
1729	180.4417764
1730	220.1279949
1731	120.4135655
1732	228.155396
1733	152.4604861
1734	108.4560192
1735	180.1999511
1736	220.430104
1737	120.1933906
1738	232.1785917
1739	164.1370424
1740	156.337917
1741	120.231005
1742	232.2810413
1743	164.6513002
1744	156.5028588
1745	120.4650931
1746	232.3961985
1747	164.464046
1748	144.7083477
1749	76.45898412
1750	48.37237073
1751	192.3756322
1752	0.1060351
1753	12.40974035
1754	48.26444231
1755	204.7371454
1756	52.40826969
1757	220.564801
1758	116.1150256
1759	208.2094928
1760	68.20002185
1761	28.3779175
1762	116.5074264
1763	216.3199814
1764	100.2885015
1765	144.7581143
1766	64.68578413
1767	12.40768394
1768	52.24131932
1769	208.2275443
1770	64.1788176
1771	0.595740055
1772	12.39874516
1773	60.31958091
1774	244.3053462
1775	208.0864092
1776	72.19273112
1777	36.6314986
1778	148.069726
1779	88.14522356
1780	96.59755688
1781	140.7161074
1782	48.53738675
1783	200.2528528
1784	36.06772868
1785	152.1733465
1786	104.4485432
1787	160.165279
1788	128.2648166
1789	4.690811692
1790	24.73959721
1791	104.7105228
1792	168.6575415
1793	160.489633
1794	128.6418277
1795	8.690151682
1796	40.59261662
1797	164.4551855
1798	152.6045491
1799	96.65892152
1800	132.4597716
1801	28.21617339
1802	120.6311505
1803	232.5309678
1804	160.5854823
1805	136.4581301
1806	44.45974683
1807	184.1636893
1808	228.4937472
1809	148.4609553
1810	80.13240418
1811	76.46893598
1812	56.6454892
1813	236.176525
1814	180.6314048
1815	212.1477808
1816	88.61891183
1817	104.1996203
1818	172.5950665
1819	188.4106182
1820	252.2413408
1821	252.3489657
1822	244.3002302
1823	208.3466874
1824	64.33738342
1825	4.770494805
1826	16.56455362
1827	64.275855
1828	0.501561493
1829	4.568350885
1830	20.29546967
1831	80.65117354
1832	76.44896929
1833	56.14946843
1834	228.2150882
1835	144.277278
1836	64.13209944
1837	0.042307718
1838	12.12980819
1839	56.16107997
1840	228.1407787
1841	156.1391831
1842	120.0939137
1843	224.1101506
1844	128.2815643
1845	12.42101453
1846	56.34599291
1847	224.6916084
1848	136.3152682
1849	40.1631858
1850	168.3604255
1851	164.2620615
1852	144.5430739
1853	76.31236536
1854	52.59425517
1855	216.6613972
1856	108.1150238
1857	188.3946317
1858	244.1906302
1859	212.5723969
1860	84.22053659
1861	80.25229371
1862	68.55569491
1863	28.42270594
1864	120.646962
1865	228.6612796
1866	152.6105597
1867	96.32776346
1868	140.6578775
1869	56.38850814
1870	228.5859503
1871	156.3564916
1872	120.5695373
1873	232.6804701
1874	172.3198908
1875	188.3056572
1876	248.5933957
1877	228.6097841
1878	148.1780842
1879	80.4962997
1880	64.49257234
1881	4.57358251
1882	24.47568441
1883	96.1813699
1884	140.3700082
1885	52.74799911
1886	208.5017262
1887	72.17140336
1888	32.65063549
1889	140.4129326
1890	56.30531729
1891	232.5272012
1892	164.484781
1893	152.7196083
1894	100.4370546
1895	156.2485216
1896	120.1490416
1897	232.1821335
1898	168.2831324
1899	164.7323326
1900	152.7053936
1901	100.751316
1902	144.7495661
1903	64.52232759
1904	12.56574444
1905	56.57931038
1906	228.5320606
1907	152.4742605
1908	100.460018
1909	152.5581236
1910	100.5603889
1911	148.3882524
1912	80.70076063
1913	76.31313005
1914	60.75742297
1915	240.6712433
1916	196.2831725
1917	20.62748853
1918	88.05212043
1919	96.17279023
1920	136.591344
1921	44.17306636
1922	180.2334895
1923	212.6186398
1924	88.22513069
1925	104.6373253
1926	168.2698714
1927	164.1272973
1928	156.4098487
1929	120.6626029
1930	228.1605699
1931	152.5165243
1932	100.6544974
1933	152.2647551
1934	108.6535314
1935	188.6711941
1936	248.2889701
1937	232.3075915
1938	172.3669476
1939	184.4049704
1940	228.5778689
1941	152.3261431
1942	104.6976188
1943	160.5929952
1944	140.4868284
1945	48.60090368
1946	204.5598545
1947	52.58319437
1948	220.4839507
1949	116.546372
1950	216.5887528
1951	104.3030206
1952	172.2161416
1953	176.1652508
1954	200.4711948
1955	44.67103606
1956	184.3642087
1957	232.3812372
1958	168.6815793
1959	160.615865
1960	140.5755646
1961	48.20070972
1962	196.6438011
1963	24.22640504
1964	96.74878956
1965	132.4973069
1966	24.37264699
1967	96.07470009
1968	140.1698797
1969	48.44252414
1970	196.2564182
1971	20.66433683
1972	88.62932472
1973	96.602002
1974	128.366012
1975	8.510044433
1976	32.28219545
1977	132.3912767
1978	16.62572133
1979	72.21673128
1980	36.63930625
1981	156.1347569
1982	116.1188501
1983	208.2477079
1984	76.58468567
1985	56.36802954
1986	236.6860546
1987	188.2003957
1988	240.3000865
1989	204.215791
1990	48.70941678
1991	204.4684499
1992	52.53138865
1993	212.6766382
1994	84.29416365
1995	88.05956409
1996	100.168551
1997	148.0659722
1998	88.27188431
1999	108.382013
2000	180.5121226
2001	208.4777074
2002	64.59377231
2003	4.324065457
2004	20.21321518
2005	80.300099
2006	68.58544712
2007	20.51636817
2008	80.74649482
2009	76.64837794
2010	52.60665775
2011	208.7360421
2012	64.46522411
2013	0.625148614
2014	4.581160415
2015	16.22826595
2016	72.34339482
2017	40.67977357
2018	160.6632888
2019	140.1435968
2020	60.1610292
2021	252.2765449
2022	252.6519068
2023	244.3763471
2024	216.1202311
2025	100.4475912
2026	148.6476706
2027	92.61025501
2028	120.4810138
2029	228.5343625
2030	156.2292397
2031	120.2458142
2032	232.6486469
2033	168.2898854
2034	168.7249591
2035	164.7507331
2036	144.6342704
2037	64.71271391
2038	0.715825718
2039	4.766938038
2040	20.54907127
2041	80.69947914
2042	72.50047858
2043	36.67131253
2044	152.3905342
2045	108.6279667
2046	184.1407358
2047	232.3072529
2048	160.4323174
2049	132.494196
2050	20.21224663
2051	88.1991357
2052	100.6396602
2053	156.6620163
2054	124.6637644
2055	248.4207672
2056	228.6582476
2057	156.143999
2058	120.1266463
2059	228.056681
2060	144.1083339
2061	64.18981087
2062	4.307513294
2063	28.72323421
2064	116.3782032
2065	220.5253072
2066	116.1147025
2067	220.4959487
2068	116.7185423
2069	208.7901833
2070	72.69143985
2071	40.44926779
2072	168.225331
2073	164.3595224
2074	148.3049312
2075	80.44675649
2076	72.60301791
2077	40.54949483
2078	164.4906358
2079	152.2276448
2080	104.3574352
2081	172.6456877
2082	184.4903714
2083	224.431394
2084	128.5458379
2085	8.344430076
2086	40.40440205
2087	168.5472099
2088	164.3136787
2089	144.4218432
2090	64.64947858
2091	12.24006649
2092	52.57689304
2093	208.2461117
2094	72.29493564
2095	36.61393456
2096	156.3087694
2097	120.4892325
2098	236.2197058
2099	188.2549608
2100	248.2542068
2101	228.4074368
2102	148.5893499
2103	84.51004143
2104	88.28482393
2105	108.6835997
2106	180.3160662
2107	220.6431208
2108	116.1416502
2109	208.4107424
2110	68.32298308
2111	28.54107294
2112	120.2056159
2113	232.2500652
2114	172.5813027
2115	184.7118703
2116	224.7132194
2117	128.6352595
2118	0.582216744
2119	0.419209514
2120	8.65482442
2121	32.74415478
2122	128.6530781
2123	0.531002084
2124	0.601481714
2125	0.443861167
2126	4.370633977
2127	20.63261928
2128	80.43676412
2129	68.15620571
2130	20.4293497
2131	84.16702029
2132	92.24534307
2133	120.2695901
2134	232.0649082
2135	164.2137929
2136	152.6203084
2137	100.4004104
2138	148.2939719
2139	84.54128725
2140	80.42890145
2141	64.65442416
2142	12.38489576
2143	48.13400673
2144	196.3844816
2145	24.30798034
2146	100.1446421
2147	144.1752751
2148	64.13506251
2149	0.27663435
2150	4.665983923
2151	20.39791809
2152	88.11741367
2153	100.3653979
2154	148.5706376
2155	92.59866162
2156	116.4374554
2157	220.6126744
2158	116.3333267
2159	212.5262706
2160	84.33674268
2161	84.37703466
2162	88.58752076
2163	100.5419503
2164	152.3396733
2165	100.5971024
2166	152.1251792
2167	108.136343
2168	188.413056
2169	248.287503
2170	232.4087233
2171	164.0382855
2172	148.100432
2173	88.17395329
2174	96.17587521
2175	140.3084002
2176	60.37971535
2177	244.7314676
2178	208.3936913
2179	76.55374724
2180	60.45334855
2181	240.103782
2182	192.2493477
2183	12.37274011
2184	56.23779487
2185	228.3235085
2186	144.4136825
2187	72.72831711
2188	36.45779777
2189	156.5969156
2190	120.1472558
2191	232.2150512
2192	164.2932188
2193	144.1547109
2194	68.4862637
2195	24.5320982
2196	96.12419184
2197	132.4817834
2198	16.30715307
2199	72.20327352
2200	40.28563438
2201	172.2963324
2202	188.2659774
2203	252.1593655
2204	244.2174788
2205	212.4828295
2206	84.56844789
2207	88.06531594
2208	96.10165503
2209	132.2988184
2210	28.18567256
2211	120.6691183
2212	232.5955887
2213	160.2888686
2214	128.6423733
2215	0.252084911
2216	8.489009742
2217	36.32714631
2218	152.138433
2219	104.1793123
2220	168.3141892
2221	164.6638099
2222	144.5668516
2223	72.53872605
2224	44.21050211
2225	184.4828432
2226	224.4171824
2227	132.3360825
2228	20.4421432
2229	88.34825647
2230	104.5128006
2231	160.4349799
2232	128.2057349
2233	8.653672027
2234	32.35431459
2235	136.5236564
2236	32.43562976
2237	136.2139228
2238	44.23211752
2239	180.532445
2240	208.7079376
2241	64.40266029
2242	12.66468042
2243	60.44625601
2244	244.3121941
2245	208.765236
2246	72.62429667
2247	40.32819158
2248	168.442213
2249	172.3953188
2250	184.2404519
2251	232.2132451
2252	172.1619813
2253	184.5901932
2254	224.6623176
2255	128.6288047
2256	12.18517034
2257	56.37252009
2258	236.3438845
2259	184.651664
2260	224.1989538
2261	128.3005407
2262	0.133377157
2263	4.380243231
2264	20.47250487
2265	80.27812274
2266	72.44026973
2267	44.6324202
2268	176.142716
2269	192.0864187
2270	4.201544
2271	24.77142066
2272	108.6673178
2273	188.5971724
2274	240.3114629
2275	204.3064517
2276	48.18164969
2277	196.3189325
2278	24.68465278
2279	96.31753207
2280	140.3474158
2281	56.73080436
2282	236.3991071
2283	180.3726042
2284	216.4335869
2285	100.4446637
2286	144.2304134
2287	72.33829137
2288	32.17204822
2289	136.2815482
2290	44.59105028
2291	176.5235236
2292	204.2235753
2293	56.43089908
2294	228.6635144
2295	148.5681222
2296	88.59536055
2297	104.2408315
2298	172.3288411
2299	184.1526066
2300	236.1677045
2301	180.0789594
2302	220.2623364
2303	116.1296119
2304	220.4188877
2305	124.4934256
2306	240.1812653
2307	204.4106504
2308	52.43952352
2309	208.6590111
2310	72.7475623
2311	32.67536649
2312	132.6019315
2313	20.70981296
2314	88.44257654
2315	108.6090644
2316	188.6729545
2317	252.5818135
2318	244.2936485
2319	212.0965829
2320	84.12333167
2321	88.34194001
2322	100.178209
2323	152.3472511
2324	108.5093151
2325	184.2996067
2326	232.2741599
2327	172.1513564
2328	184.1898121
2329	224.2597268
2330	128.3096098
2331	4.530046489
2332	20.62725651
2333	80.29995579
2334	72.67948342
2335	40.18496623
2336	164.0815196
2337	148.2565153
2338	80.39515209
2339	72.74053945
2340	36.57550886
2341	148.2857958
2342	80.76221654
2343	68.7444566
2344	24.50679829
2345	108.5065093
2346	188.2652506
2347	252.300399
2348	244.1960251
2349	220.4131283
2350	120.5071719
2351	228.2429424
2352	152.1287238
2353	96.32308505
2354	128.646214
2355	0.446132791
2356	0.552827307
2357	4.152904813
2358	24.49862633
2359	100.5107271
2360	152.4710667
2361	104.4903431
2362	168.6631016
2363	160.2970712
2364	128.6719134
2365	0.502780691
2366	0.660945653
2367	0.181350048
2368	8.180768017
2369	44.59739583
2370	184.6752646
2371	232.1668567
2372	160.3636319
2373	128.4042664
2374	8.27577394
2375	36.56784496
2376	152.6424053
2377	104.6141861
2378	164.6502796
2379	152.2104724
2380	96.57409026
2381	140.4882127
2382	56.51312428
2383	232.5445489
2384	164.4187336
2385	152.6713976
2386	104.3027399
2387	160.2508277
2388	136.701621
2389	36.58237137
2390	156.7127684
2391	120.6078036
2392	224.5606025
2393	128.5298398
2394	12.11781018
2395	60.25755219
2396	240.398759
2397	196.4332449
2398	16.63551087
2399	76.5186392
2400	60.14086044
2401	244.298908
2402	212.3827087
2403	84.63522182
2404	80.38966047
2405	64.21210366
2406	4.495176356
2407	20.73776452
2408	88.72623432
2409	100.4071402
2410	152.3991776
2411	108.1843398
2412	184.1743601
2413	232.1993826
2414	164.7036668
2415	144.4006465
2416	68.0766566
2417	16.21026742
2418	64.51906963
2419	4.532422144
2420	16.57758477
2421	64.47151228
2422	4.45771706
2423	28.24400372
2424	120.2279338
2425	232.4859769
2426	164.3782423
2427	152.2706761
2428	104.6074438
2429	168.1632527
2430	164.1726056
2431	144.3715173
2432	64.1556314
2433	0.187063054
2434	4.555722657
2435	16.58053747
2436	72.49388376
2437	44.72463428
2438	180.7834541
2439	216.5948386
2440	108.2284307
2441	188.1566936
2442	248.4403169
2443	228.3074164
2444	156.1434822
2445	120.5256105
2446	224.4791576
2447	140.2209877
2448	60.47042906
2449	248.5088922
2450	232.4580937
2451	164.5840106
2452	152.5908
2453	108.4090692
2454	188.1336642
2455	248.4304649
2456	228.5974448
2457	148.0785189
2458	80.13002417
2459	68.36355918
2460	20.42719989
2461	92.66260825
2462	116.6095496
2463	212.4194885
2464	80.20564427
2465	72.37544081
2466	44.64569273
2467	180.1851379
2468	220.3823904
2469	120.4154848
2470	232.429826
2471	164.331503
2472	148.6922453
2473	84.47394163
2474	92.46419476
2475	120.6584723
2476	228.1158181
2477	144.3337553
2478	68.24168762
2479	24.66449299
2480	100.4504078
2481	152.3389092
2482	100.3515707
2483	148.264903
2484	88.51109477
2485	108.4068962
2486	180.3601153
2487	216.6384716
2488	100.4068949
2489	144.1113066
2490	64.33285516
2491	0.769255182
2492	12.67662237
2493	60.35681944
2494	248.3563109
2495	236.4004683
2496	180.3106246
2497	216.4212245
2498	100.6810177
2499	152.6043644
2500	104.6656713
2501	164.572384
2502	152.4424141
2503	96.65712494
2504	140.3618508
2505	60.25397279
2506	240.1587987
2507	192.3161357
2508	0.517230921
2509	12.21336803
2510	52.34028637
2511	220.0957499
2512	116.3764644
2513	216.7494046
2514	100.6466541
2515	152.2280795
2516	100.7525728
2517	148.5771833
2518	88.59343999
2519	96.10099618
2520	140.1892968
2521	52.38073827
2522	208.0875335
2523	64.31684519
2524	4.430553081
2525	28.3804463
2526	120.3989883
2527	232.4762777
2528	168.641955
2529	172.2954684
2530	184.640023
2531	228.4036979
2532	148.1904275
2533	80.31373516
2534	72.41994955
2535	36.13828197
2536	152.5411506
2537	108.631559
2538	184.3139202
2539	232.2806535
2540	172.3561048
2541	184.4884792
2542	232.330717
2543	172.526167
2544	184.7200378
2545	236.454495
2546	180.6266361
2547	216.3003519
2548	96.33532278
2549	140.2752085
2550	56.76545958
2551	232.7197801
2552	172.6109067
2553	176.3628157
2554	200.6020199
2555	32.32254285
2556	128.2210742
2557	4.497897487
2558	24.32896423
2559	96.09860551
2560	128.1086818
2561	8.13217887
2562	36.50667557
2563	152.1974441
2564	104.6816791
2565	164.6374052
2566	152.3200343
2567	108.6392143
2568	180.1872455
2569	216.4254365
2570	96.56570605
2571	128.4273743
2572	8.628937447
2573	36.62962811
2574	148.310662
2575	92.18820108
2576	120.4703454
2577	236.1223813
2578	176.2525431
2579	192.6125624
2580	0.735161553
2581	8.405510283
2582	36.22642324
2583	152.3951921
2584	104.4199621
2585	164.6121143
2586	152.5323011
2587	104.6193569
2588	172.2257682
2589	184.2867667
2590	228.1183938
2591	144.3282921
2592	68.66961297
2593	16.62090094
2594	64.21867998
2595	12.60533479
2596	52.03385766
2597	220.1359038
2598	124.2095501
2599	244.0846112
2600	220.2300132
2601	116.2677694
2602	216.5449293
2603	100.3731293
2604	152.2812603
2605	100.2832125
2606	144.3639573
2607	64.43485007
2608	4.649186111
2609	24.16983677
2610	100.6010606
2611	152.2154459
2612	108.2450438
2613	180.2033571
2614	208.1115467
2615	72.36422363
2616	44.12612297
2617	184.4010198
2618	232.3591222
2619	168.2860316
2620	164.6366045
2621	156.2473631
2622	120.1430153
2623	224.3244793
2624	140.286075
2625	52.51630298
2626	208.511835
2627	76.32131818
2628	60.28966153
2629	240.5347842
2630	192.5925284
2631	4.474850982
2632	28.61887147
2633	112.4453864
2634	204.2012022
2635	52.21777931
2636	212.7228273
2637	88.58157897
2638	100.3166034
2639	156.1056597
2640	120.2553199
2641	232.415942
2642	160.689359
2643	140.785787
2644	56.63230396
2645	224.3573464
2646	132.4133206
2647	20.74845151
2648	80.47414581
2649	72.55583823
2650	40.47172547
2651	160.0711752
2652	140.2428591
2653	56.35980005
2654	228.4659327
2655	148.2022366
2656	80.43655137
2657	76.17259897
2658	60.48974111
2659	248.2820664
2660	228.6192385
2661	156.5653059
2662	120.5621972
2663	236.2618738
2664	184.4709951
2665	232.2502022
2666	160.7043158
2667	128.5857334
2668	8.1282255
2669	36.24326127
2670	156.3893835
2671	120.240144
2672	228.288344
2673	148.6948464
2674	92.7076101
2675	120.4108191
2676	228.4747372
2677	144.4999159
2678	68.6843587
2679	28.34294638
2680	112.6049329
2681	192.3095584
2682	12.43933279
2683	56.57103386
2684	236.4826227
2685	188.1700641
2686	244.5945261
2687	212.2781504
2688	88.31993097
2689	104.699276
2690	164.4572497
2691	152.4470154
2692	108.5686579
2693	188.3819854
2694	240.1459975
2695	204.0708842
2696	60.26966976
2697	252.6217132
2698	244.1896183
2699	220.4793682
2700	124.4023184
2701	248.4204865
2702	224.6892523
2703	140.5473948
2704	56.47427702
2705	236.3065403
2706	180.4073608
2707	220.6179237
2708	116.4378299
2709	220.6819128
2710	120.3512647
2711	224.3894575
2712	132.7949022
2713	20.75697378
2714	80.66215029
2715	72.78158229
2716	32.79683573
2717	132.7139097
2718	16.5826157
2719	68.26534165
2720	20.55811974
2721	84.72982914
2722	80.7449361
2723	76.73781292
2724	52.7558692
2725	208.5214336
2726	64.54156648
2727	4.593615542
2728	16.48515435
2729	72.57898291
2730	44.31291768
2731	176.2964991
2732	204.6333487
2733	60.47741856
2734	240.6107807
2735	204.1195319
2736	60.26956508
2737	252.6261632
2738	252.238927
2739	244.1059649
2740	220.1856166
2741	116.6777411
2742	212.1724552
2743	84.5615867
2744	80.19880922
2745	76.67747139
2746	56.42207603
2747	224.5035858
2748	128.7545333
2749	8.655705359
2750	32.58974244
2751	132.3610083
2752	24.64156376
2753	104.6395437
2754	172.1654144
2755	176.6274827
2756	196.0703449
2757	24.28872189
2758	100.4014968
2759	152.2666482
2760	96.53359869
2761	132.6440435
2762	28.20385553
2763	120.4617742
2764	232.6975767
2765	168.5721144
2766	164.7261513
2767	152.5404685
2768	108.5563995
2769	184.4301751
2770	232.6556339
2771	160.1378974
2772	136.1864447
2773	36.68696735
2774	144.3504677
2775	76.3601975
2776	52.53314499
2777	220.2813528
2778	120.6117545
2779	232.1461314
2780	172.1896602
2781	180.6905855
2782	216.4790131
2783	100.6127099
2784	144.1642115
2785	76.18333121
2786	60.24800315
2787	248.591538
2788	232.4996429
2789	168.5869167
2790	172.1575313
2791	180.1817836
2792	208.0284678
2793	68.10757945
2794	20.28145831
2795	80.37279397
2796	72.30127553
2797	36.27682431
2798	144.1575112
2799	64.44427993
2800	0.306270988
2801	12.5046037
2802	52.70288395
2803	216.3397584
2804	100.6010384
2805	152.1500931
2806	100.5690777
2807	156.3416773
2808	120.5984734
2809	236.0690615
2810	188.1118219
2811	240.4046299
2812	200.5797607
2813	36.47063655
2814	152.0893433
2815	104.2146753
2816	168.7030364
2817	164.3041201
2818	148.1989515
2819	84.18650029
2820	80.48692758
2821	76.36881067
2822	60.64069187
2823	240.139379
2824	192.4094265
2825	8.434882815
2826	44.34735234
2827	188.4582675
2828	244.3846288
2829	220.4173185
2830	120.2028493
2831	236.2181366
2832	180.6208495
2833	220.4769549
2834	116.3709843
2835	216.2741362
2836	104.2837545
2837	164.4345251
2838	152.3293778
2839	100.3543578
2840	152.7378906
2841	108.4300876
2842	180.3793738
2843	220.6729736
2844	120.5615791
2845	228.6494567
2846	152.5388987
2847	108.5925973
2848	180.7421335
2849	220.5121862
2850	120.2528856
2851	232.2682462
2852	164.360627
2853	156.2522626
2854	120.1074586
2855	232.3450654
2856	164.3867966
2857	156.3890578
2858	120.4908163
2859	232.6176456
2860	164.7546092
2861	144.7407175
2862	76.51200253
2863	48.75594571
2864	192.5140129
2865	0.10285664
2866	12.29964755
2867	48.13066122
2868	204.196999
2869	52.18592644
2870	220.5527734
2871	116.2329155
2872	208.6380494
2873	68.35025551
2874	28.58845545
2875	116.2984575
2876	216.4375099
2877	100.4187168
2878	144.479027
2879	64.05393408
2880	12.11707537
2881	52.18870096
2882	208.5433548
2883	64.64576995
2884	0.487349172
2885	12.70498142
2886	60.58780058
2887	244.5300156
2888	208.3828426
2889	72.29611688
2890	36.50225982
2891	148.3986171
2892	88.43239481
2893	96.56741905
2894	140.4832406
2895	48.10238582
2896	200.2769917
2897	36.61432574
2898	152.576272
2899	104.1165774
2900	160.1591146
2901	128.4631698
2902	4.642147922
2903	24.59385671
2904	104.4247779
2905	168.7358821
2906	160.605943
2907	128.1835951
2908	8.690389807
2909	40.2889571
2910	164.1783973
2911	152.6975255
2912	96.58882781
2913	132.2485629
2914	28.65862534
2915	120.6914381
2916	232.4333066
2917	160.5473245
2918	136.6862695
2919	44.52369256
2920	184.2173905
2921	228.2571538
2922	148.3327284
2923	80.06551974
2924	76.12327621
2925	56.44009434
2926	236.3238139
2927	180.2219664
2928	212.3636791
2929	88.60956409
2930	104.2159597
2931	172.2960455
2932	188.4045741
2933	252.6754102
2934	252.5693056
2935	244.5746531
2936	208.4486984
2937	64.36473333
2938	4.631737098
2939	16.46913948
2940	64.54817492
2941	0.318585944
2942	4.372487586
2943	20.55628881
2944	80.60756753
2945	76.53974279
2946	56.52968511
2947	228.3420055
2948	144.5867076
2949	64.28286755
2950	0.392800712
2951	12.22859021
2952	56.44709663
2953	228.2203727
2954	156.5423299
2955	120.5035787
2956	224.6788247
2957	128.5971107
2958	12.64487527
2959	56.14513151
2960	224.1691444
2961	136.6692232
2962	40.41331552
2963	168.5245026
2964	164.0346183
2965	144.0709667
2966	76.25223743
2967	52.78324986
2968	216.5756811
2969	108.6634286
2970	188.1217689
2971	244.4321251
2972	212.3442088
2973	84.1454433
2974	80.03464927
2975	68.17271634
2976	28.31879924
2977	120.6701286
2978	228.4793214
2979	152.5650527
2980	96.32466043
2981	140.344814
2982	56.74270043
2983	228.5086779
2984	156.1151588
2985	120.4527639
2986	232.5362297
2987	172.6455636
2988	188.3406747
2989	248.4779225
2990	228.4919856
2991	148.671341
2992	80.43448998
2993	64.66637078
2994	4.202260444
2995	24.12298006
2996	96.3790632
2997	140.1274812
2998	52.38489998
2999	208.6462618
3000	72.42290534
3001	32.55633939
3002	140.3678062
3003	56.22133407
3004	232.1446907
3005	164.4542563
3006	152.4231799
3007	100.3576238
3008	156.4765691
3009	120.2310599
3010	232.6531433
3011	168.1626472
3012	164.2663964
3013	152.6617961
3014	100.5181882
3015	144.6749255
3016	64.21957368
3017	12.16107575
3018	56.55238448
3019	228.3490058
3020	152.1541874
3021	100.5585969
3022	152.0478986
3023	100.1677758
3024	148.1702552
3025	80.61438038
3026	76.71166638
3027	60.80242665
3028	240.7233738
3029	196.6948709
3030	20.3573237
3031	88.30994042
3032	96.40246702
3033	136.2477996
3034	44.2989797
3035	180.3350827
3036	212.5741979
3037	88.51375179
3038	104.4368372
3039	168.6572452
3040	164.6378541
3041	156.6261776
3042	120.6471778
3043	228.3988685
3044	152.6521151
3045	100.4315572
3046	152.5933615
3047	108.5032012
3048	188.1258238
3049	248.2474454
3050	232.0884859
3051	172.2441205
3052	184.7164442
3053	228.7860099
3054	152.6610507
3055	104.3207842
3056	160.5308969
3057	140.1168133
3058	48.29093391
3059	204.2688652
3060	52.49220227
3061	220.3193997
3062	116.4395218
3063	216.3546182
3064	104.5290195
3065	172.1418642
3066	176.5215286
3067	200.4907136
3068	44.36596552
3069	184.4698716
3070	232.2370096
3071	168.3539179
3072	160.3913508
3073	140.6401039
3074	48.48803104
3075	196.4494759
3076	24.42224095
3077	96.61154638
3078	132.0350076
3079	24.13388736
3080	96.33148403
3081	140.6603918
3082	48.6760819
3083	196.2874241
3084	20.34927141
3085	88.60985634
3086	96.56381281
3087	128.5647995
3088	8.406681292
3089	32.12913709
3090	132.1827058
3091	16.2147707
3092	72.20402049
3093	36.24166674
3094	156.7174721
3095	116.7786984
3096	208.6371137
3097	76.50233667
3098	56.47482503
3099	236.5731304
3100	188.557376
3101	240.4544823
3102	204.7525042
3103	48.7785719
3104	204.6305799
3105	52.3950125
3106	212.1684635
3107	84.38397662
3108	88.55996767
3109	100.3729177
3110	148.1909722
3111	88.25669438
3112	108.3784486
3113	180.3563044
3114	208.7640148
3115	64.74559175
3116	4.765569749
3117	20.51475412
3118	80.18185307
3119	68.15829739
3120	20.40733444
3121	80.44331842
3122	76.33047048
3123	52.32639746
3124	208.2233747
3125	64.40569172
3126	0.572313682
3127	4.288482326
3128	16.60922677
3129	72.54493741
3130	40.2613098
3131	160.5967203
3132	140.1751345
3133	60.43668403
3134	252.1823883
3135	252.5833997
3136	244.6051443
3137	216.3483193
3138	100.3012567
3139	148.315675
3140	92.3657676
3141	120.1280474
3142	228.1881799
3143	156.4675602
3144	120.6638979
3145	232.7309129
3146	168.4512805
3147	168.52583
3148	164.3751264
3149	144.49303
3150	64.66306543
3151	0.124439648
3152	4.353231283
3153	20.57990405
3154	80.79619044
3155	72.6935403
3156	36.63891266
3157	152.1813778
3158	108.4300697
3159	184.6098442
3160	232.2101166
3161	160.2170668
3162	132.7118759
3163	20.72712349
3164	88.74322816
3165	100.6220541
3166	156.4321295
3167	124.7098976
3168	248.6863235
3169	228.7607654
3170	156.729685
3171	120.6180377
3172	228.2148835
3173	144.5729423
3174	64.3425699
3175	4.21725174
3176	28.37164374
3177	116.1788986
3178	220.380845
3179	116.6973295
3180	220.4309967
3181	116.2916744
3182	208.4988338
3183	72.33220947
3184	40.67258146
3185	168.2967882
3186	164.2643789
3187	148.3590942
3188	80.62794411
3189	72.60273567
3190	40.24504372
3191	164.4125168
3192	152.3778624
3193	104.5757164
3194	172.1186907
3195	184.3361862
3196	224.5779201
3197	128.3399786
3198	8.616331273
3199	40.42631406
3200	168.6836958
3201	164.2420533
3202	144.212104
3203	64.77288801
3204	12.67604811
3205	52.62469744
3206	208.6619936
3207	72.4319195
3208	36.22409992
3209	156.5821429
3210	120.1785961
3211	236.6635423
3212	188.2589505
3213	248.2733272
3214	228.2339743
3215	148.5117788
3216	84.41819327
3217	88.44053289
3218	108.2329497
3219	180.1488718
3220	220.2707184
3221	116.6291638
3222	208.2052709
3223	68.39425526
3224	28.1875831
3225	120.6102302
3226	232.7651612
3227	172.6004861
3228	184.4830785
3229	224.6626283
3230	128.5140331
3231	0.374144887
3232	0.659718343
3233	8.207051217
3234	32.56362164
3235	128.4819031
3236	0.623871674
3237	0.26798991
3238	0.195365167
3239	4.363172345
3240	20.24273844
3241	80.72321693
3242	68.52571982
3243	20.17584485
3244	84.36825228
3245	92.3752552
3246	120.4128536
3247	232.5716163
3248	164.7332802
3249	152.6306421
3250	100.3024356
3251	148.6855294
3252	84.27217558
3253	80.63758086
3254	64.31116495
3255	12.62432133
3256	48.30084751
3257	196.2981865
3258	24.60531643
3259	100.5475151
3260	144.3974481
3261	64.56643869
3262	0.199354075
3263	4.576522546
3264	20.39575398
3265	88.70515846
3266	100.2871734
3267	148.1546563
3268	92.38900756
3269	116.5524807
3270	220.1678408
3271	116.5760079
3272	212.2878519
3273	84.48400259
3274	84.37936193
3275	88.30841615
3276	100.5061318
3277	152.6896847
3278	100.658016
3279	152.4665953
3280	108.4385072
3281	188.1844555
3282	248.397012
3283	232.6522257
3284	164.3351244
3285	148.3839201
3286	88.71911778
3287	96.68294399
3288	140.2036002
3289	60.2337661
3290	244.5031784
3291	208.4416046
3292	76.16007891
3293	60.52689752
3294	240.276736
3295	192.5646338
3296	12.72872685
3297	56.72846753
3298	228.4111539
3299	144.4201744
3300	72.62510842
3301	36.45726145
3302	156.6955187
3303	120.5773412
3304	232.4759733
3305	164.6123336
3306	144.0409285
3307	68.16599248
3308	24.56528368
3309	96.62890343
3310	132.6553514
3311	16.53219597
3312	72.23387231
3313	40.70722359
3314	172.4725306
3315	188.3816957
3316	252.4477438
3317	244.3807581
3318	212.258658
3319	84.5617159
3320	88.25058316
3321	96.17354347
3322	132.1751528
3323	28.58588183
3324	120.615764
3325	232.1800893
3326	160.6462437
3327	128.5740236
3328	0.589005682
3329	8.188240448
3330	36.66051114
3331	152.3172335
3332	104.0987326
3333	168.3119312
3334	164.4362173
3335	144.6168442
3336	72.55726799
3337	44.41720168
3338	184.1523063
3339	224.2294359
3340	132.2792705
3341	20.44474965
3342	88.23887566
3343	104.2229041
3344	160.3479239
3345	128.273194
3346	8.338052016
3347	32.22193402
3348	136.1753539
3349	32.25969252
3350	136.233213
3351	44.49127786
3352	180.5347433
3353	208.1820363
3354	64.75330595
3355	12.57129505
3356	60.5465417
3357	244.4914956
3358	208.7075721
3359	72.56187594
3360	40.48583462
3361	168.6902129
3362	172.4152927
3363	184.1977244
3364	232.3543641
3365	172.6937293
3366	184.5855975
3367	224.7024063
3368	128.7859915
3369	12.64704286
3370	56.54170394
3371	236.5500042
3372	184.1793176
3373	224.3536579
3374	128.2170131
3375	0.67595082
3376	4.586448004
3377	20.28150875
3378	80.32298275
3379	72.57004382
3380	44.3874163
3381	176.7397543
3382	192.5407205
3383	4.443167357
3384	24.03074628
3385	108.1210385
3386	188.3569816
3387	240.3157158
3388	204.5132958
3389	48.65213585
3390	196.5937
3391	24.6033169
3392	96.51140146
3393	140.6263154
3394	56.76309126
3395	236.6771098
3396	180.3167294
3397	216.20979
3398	100.6635155
3399	144.4875886
3400	72.67500575
3401	32.51307247
3402	136.712462
3403	44.30597511
3404	176.6152265
3405	204.2100599
3406	56.62525985
3407	228.6410609
3408	148.2537283
3409	88.45115766
3410	104.5045166
3411	172.4680106
3412	184.191231
3413	236.2576815
3414	180.252055
3415	220.1419095
3416	116.1519918
3417	220.5066043
3418	124.3868823
3419	240.7185451
3420	204.5303857
3421	52.55628513
3422	208.2317081
3423	72.41874698
3424	32.48532769
3425	132.3315798
3426	20.6237869
3427	88.41545447
3428	108.4950834
3429	188.5687292
3430	252.6868367
3431	244.391543
3432	212.422952
3433	84.7488561
3434	88.73802492
3435	100.6610971
3436	152.5986195
3437	108.5911502
3438	184.3563699
3439	232.5490114
3440	172.2456076
3441	184.179313
3442	224.1624482
3443	128.0775149
3444	4.19645177
3445	20.35346512
3446	80.14219087
3447	72.19603521
3448	40.34905515
3449	164.5502705
3450	148.4408683
3451	80.70352325
3452	72.57180752
3453	36.46455643
3454	148.5307467
3455	80.14359324
3456	68.3185713
3457	24.60511037
3458	108.2924038
3459	188.5264796
3460	252.584028
3461	244.5152646
3462	220.3613293
3463	120.4511506
3464	228.1393518
3465	152.3892226
3466	96.22049566
3467	128.2681542
3468	0.655891962
3469	0.158184336
3470	4.282322914
3471	24.44882884
3472	100.4918224
3473	152.7370215
3474	104.4571985
3475	168.6308261
3476	160.2439108
3477	128.1223381
3478	0.406915916
3479	0.366659464
3480	0.222429055
3481	8.642495889
3482	44.62509677
3483	184.2744498
3484	232.5426991
3485	160.5456607
3486	128.5784268
3487	8.570726029
3488	36.35313687
3489	152.4921919
3490	104.3987244
3491	164.2061577
3492	152.4805748
3493	96.64144719
3494	140.2045294
3495	56.59914957
3496	232.7005419
3497	164.760879
3498	152.5784548
3499	104.7332194
3500	160.4364894
3501	136.270063
3502	36.53814665
3503	156.5203265
3504	120.2142053
3505	224.0824997
3506	128.2782783
3507	12.20192007
3508	60.51274473
3509	240.6763992
3510	196.1985735
3511	16.11112013
3512	76.35891669
3513	60.57854632
3514	244.4748496
3515	212.1876274
3516	84.4219348
3517	80.2887527
3518	64.7238977
3519	4.44560018
3520	20.104024
3521	88.22843174
3522	100.3559226
3523	152.4114346
3524	108.4783603
3525	184.114311
3526	232.1941041
3527	164.0622789
3528	144.2472963
3529	68.50974893
3530	16.42104541
3531	64.56677438
3532	4.260436818
3533	16.08893559
3534	64.35756184
3535	4.485203602
3536	28.62925756
3537	120.5944125
3538	232.1833763
3539	164.183009
3540	152.4881749
3541	104.4461884
3542	168.5646428
3543	164.59228
3544	144.1727857
3545	64.15647616
3546	0.47580259
3547	4.528631005
3548	16.32232551
3549	72.72259176
3550	44.49465074
3551	180.3020041
3552	216.0787554
3553	108.1842211
3554	188.2194803
3555	248.3144766
3556	228.3012307
3557	156.5182188
3558	120.2465296
3559	224.5796738
3560	140.1874294
3561	60.19817413
3562	248.4544864
3563	232.5496939
3564	164.2739541
3565	152.5729825
3566	108.2263806
3567	188.2632939
3568	248.4740404
3569	228.6456389
3570	148.591105
3571	80.04433954
3572	68.16484679
3573	20.58333611
3574	92.3159176
3575	116.166696
3576	212.4477834
3577	80.34674422
3578	72.16307003
3579	44.60151661
3580	180.5630333
3581	220.3274295
3582	120.7550903
3583	232.6028473
3584	164.6882704
3585	148.5764709
3586	84.39982384
3587	92.22741919
3588	120.4717328
3589	228.186887
3590	144.0753007
3591	68.1265813
3592	24.27073911
3593	100.4535597
3594	152.4570843
3595	100.6865965
3596	148.4010332
3597	88.60728724
3598	108.3769449
3599	180.1404295
3600	216.5065241
