i	RTT-Clipped(i)
1	-54.06775861
2	57.47260697
3	-71.47260697
4	65.84277235
5	-79.84277235
6	74.88192277
7	-88.88192277
8	65.87606949
9	-79.87606949
10	12.8815901
11	-26.8815901
12	49.46801698
13	-63.46801698
14	51.98630699
15	-65.98630699
16	69.47255244
17	-83.47255244
18	7.921871407
19	-21.92187141
20	28.74070577
21	-42.74070577
22	86.72636746
23	-100.7263675
24	72.05694001
25	-86.05694001
26	49.51195776
27	-63.51195776
28	52.48198385
29	-66.48198385
30	11.60774221
31	-25.60774221
32	36.23324852
33	-50.23324852
34	-4.617887201
35	-9.382112799
36	88.6541761
37	-102.6541761
38	28.8153975
39	-42.8153975
40	50.63118523
41	-64.63118523
42	53.77317228
43	-67.77317228
44	40.64686941
45	-54.64686941
46	16.0123365
47	-30.0123365
48	43.93012395
49	-57.93012395
50	87.70531004
51	-101.70531
52	64.7251603
53	-78.7251603
54	23.35713152
55	-37.35713152
56	53.68435649
57	-67.68435649
58	30.76362136
59	-44.76362136
60	76.66228274
61	-90.66228274
62	79.70256369
63	-93.70256369
64	54.13983574
65	-68.13983574
66	43.66377571
67	-57.66377571
68	77.01190719
69	-91.01190719
70	43.98283243
71	-57.98283243
72	26.53787285
73	-40.53787285
74	74.83873974
75	-88.83873974
76	-1.946606718
77	-12.05339328
78	5.582064058
79	-19.58206406
80	12.98327897
81	-26.98327897
82	23.20351706
83	-37.20351706
84	54.9460227
85	-68.9460227
86	8.14333101
87	-22.14333101
88	1.35326187
89	-15.35326187
90	29.32830492
91	-43.32830492
92	50.96921528
93	-64.96921528
94	54.01676098
95	-68.01676098
96	69.98120107
97	-83.98120107
98	71.47591767
99	-85.47591767
100	60.02573203
101	-74.02573203
102	25.94579683
103	-39.94579683
104	55.54634127
105	-69.54634127
106	-6.648816549
107	-7.351183451
108	-2.066245477
109	-11.93375452
110	72.74680494
111	-86.74680494
112	0.550074924
113	-14.55007492
114	83.06431742
115	-97.06431742
116	41.97234831
117	-55.97234831
118	44.7240866
119	-58.7240866
120	31.91441214
121	-45.91441214
122	35.34320018
123	-49.34320018
124	39.39160687
125	-53.39160687
126	61.025922
127	-75.025922
128	24.09975624
129	-38.09975624
130	32.79517803
131	-46.79517803
132	28.89306042
133	-42.89306042
134	72.50056847
135	-86.50056847
136	31.16866135
137	-45.16866135
138	32.48935406
139	-46.48935406
140	21.81638448
141	-35.81638448
142	34.20042464
143	-48.20042464
144	31.70880875
145	-45.70880875
146	25.21481306
147	-39.21481306
148	50.24631845
149	-64.24631845
150	61.18824311
151	-75.18824311
152	85.8524063
153	-99.8524063
154	18.8447965
155	-32.8447965
156	80.90082768
157	-94.90082768
158	45.98068837
159	-59.98068837
160	58.79906873
161	-72.79906873
162	43.57771858
163	-57.57771858
164	4.529867965
165	-18.52986796
166	70.01727852
167	-84.01727852
168	73.8733395
169	-87.8733395
170	83.80693225
171	-97.80693225
172	25.87344516
173	-39.87344516
174	78.44015594
175	-78.44015594
176	66.86448762
177	-52.86448762
178	3.653557133
179	2.346442867
180	66.14642419
181	-60.14642419
182	71.60360356
183	-65.60360356
184	94.17314081
185	-88.17314081
186	40.01783668
187	-34.01783668
188	71.07840918
189	-65.07840918
190	79.78009017
191	-73.78009017
192	80.77178811
193	-74.77178811
194	69.30836886
195	-63.30836886
196	33.12456145
197	-27.12456145
198	3.089325618
199	2.910674382
200	37.13553495
201	-31.13553495
202	95.33660467
203	-89.33660467
204	3.433993773
205	2.566006227
206	35.49948615
207	-29.49948615
208	35.04361854
209	-29.04361854
210	63.7568085
211	-57.7568085
212	33.74806282
213	-27.74806282
214	27.07255212
215	-21.07255212
216	59.77929042
217	-53.77929042
218	33.31191966
219	-27.31191966
220	15.65779894
221	-9.657798942
222	75.67036881
223	-69.67036881
224	98.5535477
225	-92.5535477
226	4.486408824
227	1.513591176
228	89.25315771
229	-83.25315771
230	70.69180531
231	-64.69180531
232	25.13035905
233	-19.13035905
234	5.373380201
235	0.626619799
236	73.92361034
237	-67.92361034
238	23.51129753
239	-17.51129753
240	69.90740104
241	-63.90740104
242	9.385957606
243	-3.385957606
244	49.72142194
245	-43.72142194
246	10.01338795
247	-4.013387948
248	73.77682829
249	-67.77682829
250	8.272128676
251	-2.272128676
252	22.56067449
253	-16.56067449
254	27.56068902
255	-21.56068902
256	46.63118886
257	-40.63118886
258	88.05771811
259	-82.05771811
260	15.95778306
261	-9.957783062
262	82.20266783
263	-76.20266783
264	60.60295028
265	-54.60295028
266	35.04214022
267	-29.04214022
268	20.61143746
269	-14.61143746
270	36.42193445
271	-30.42193445
272	70.56283692
273	-64.56283692
274	19.5889399
275	-13.5889399
276	43.67550942
277	-37.67550942
278	78.30184099
279	-72.30184099
280	80.11084054
281	-74.11084054
282	17.42343491
283	-11.42343491
284	34.08547855
285	-28.08547855
286	18.11763787
287	-12.11763787
288	29.72687646
289	-23.72687646
290	7.504878526
291	-1.504878526
292	88.69634137
293	-82.69634137
294	46.5899646
295	-40.5899646
296	53.92050743
297	-47.92050743
298	79.24554131
299	-73.24554131
300	12.46548974
301	-6.465489738
302	64.98228955
303	-58.98228955
304	3.775417621
305	2.224582379
306	57.79354304
307	-51.79354304
308	62.12301706
309	-56.12301706
310	65.6449851
311	-59.6449851
312	25.22402364
313	-19.22402364
314	11.71700257
315	-5.717002568
316	22.88510734
317	-16.88510734
318	46.57315628
319	-40.57315628
320	97.91121294
321	-91.91121294
322	44.60351005
323	-38.60351005
324	69.15899741
325	-63.15899741
326	64.79376235
327	-58.79376235
328	66.78028167
329	-60.78028167
330	87.34420833
331	-81.34420833
332	81.34194898
333	-75.34194898
334	80.62736961
335	-74.62736961
336	91.5203561
337	-85.5203561
338	83.08988923
339	-77.08988923
340	11.85059393
341	-5.850593933
342	93.14814312
343	-87.14814312
344	72.90443581
345	-66.90443581
346	24.77036828
347	-18.77036828
348	57.05647644
349	-55.05647644
350	-2.88652782
351	-19.11347218
352	13.98070073
353	-35.98070073
354	55.63905496
355	-77.63905496
356	-5.657959072
357	-16.34204093
358	71.16690486
359	-93.16690486
360	64.93374083
361	-86.93374083
362	29.80641277
363	-51.80641277
364	39.55792966
365	-61.55792966
366	31.76682015
367	-53.76682015
368	58.62890425
369	-80.62890425
370	15.11961566
371	-37.11961566
372	54.70148895
373	-76.70148895
374	70.24460338
375	-92.24460338
376	84.58959103
377	-106.589591
378	33.09141061
379	-55.09141061
380	17.62119301
381	-39.62119301
382	58.137554
383	-80.137554
384	0.70111464
385	-22.70111464
386	-0.374522589
387	-21.62547741
388	15.87136645
389	-37.87136645
390	39.08600099
391	-61.08600099
392	13.54568605
393	-35.54568605
394	41.66294639
395	-63.66294639
396	14.56892835
397	-36.56892835
398	-9.616561296
399	-12.3834387
400	36.35205999
401	-58.35205999
402	79.0562896
403	-101.0562896
404	22.82741131
405	-44.82741131
406	69.29240408
407	-91.29240408
408	83.81691816
409	-105.8169182
410	55.57885902
411	-77.57885902
412	55.99745145
413	-77.99745145
414	35.7609799
415	-57.7609799
416	47.83336111
417	-69.83336111
418	35.23574645
419	-57.23574645
420	34.02476843
421	-56.02476843
422	-3.608960194
423	-18.39103981
424	81.92712709
425	-103.9271271
426	50.40933227
427	-72.40933227
428	84.00892034
429	-106.0089203
430	86.18352215
431	-108.1835222
432	87.31554544
433	-109.3155454
434	39.86186336
435	-61.86186336
436	64.74812748
437	-86.74812748
438	14.91160095
439	-36.91160095
440	0.76276582
441	-22.76276582
442	-0.784064732
443	-21.21593527
444	56.36569685
445	-78.36569685
446	15.05653575
447	-37.05653575
448	66.1330243
449	-88.1330243
450	70.51096703
451	-92.51096703
452	49.90533302
453	-71.90533302
454	83.73577218
455	-105.7357722
456	29.28036529
457	-51.28036529
458	31.30027585
459	-53.30027585
460	35.86336796
461	-57.86336796
462	19.20611283
463	-41.20611283
464	25.24375224
465	-47.24375224
466	47.08276717
467	-69.08276717
468	30.75402201
469	-52.75402201
470	86.33920481
471	-108.3392048
472	56.41573153
473	-78.41573153
474	42.65285471
475	-64.65285471
476	70.10778888
477	-92.10778888
478	76.90473075
479	-98.90473075
480	-10.36012085
481	-11.63987915
482	45.56815843
483	-67.56815843
484	51.83206076
485	-73.83206076
486	73.49846094
487	-95.49846094
488	3.895542594
489	-25.89554259
490	16.37737291
491	-38.37737291
492	2.228753622
493	-24.22875362
494	84.27685023
495	-106.2768502
496	75.5260449
497	-97.5260449
498	27.56733699
499	-49.56733699
500	82.96645295
501	-104.966453
502	53.67970686
503	-75.67970686
504	44.7561864
505	-66.7561864
506	47.74749194
507	-69.74749194
508	75.67062223
509	-97.67062223
510	69.33739121
511	-91.33739121
512	85.40932511
513	-107.4093251
514	-10.46560776
515	-11.53439224
516	48.1852122
517	-70.1852122
518	-4.117606014
519	-17.88239399
520	47.75383859
521	-69.75383859
522	34.91152977
523	-56.91152977
524	2.029891979
525	-24.02989198
526	84.19781661
527	-73.19781661
528	18.69228338
529	-18.69228338
530	90.77145894
531	-90.77145894
532	30.68852787
533	-30.68852787
534	50.1082378
535	-50.1082378
536	79.3559716
537	-79.3559716
538	98.24290873
539	-98.24290873
540	52.64494304
541	-52.64494304
542	21.80044159
543	-21.80044159
544	86.63368566
545	-86.63368566
546	55.41702181
547	-55.41702181
548	93.33456889
549	-93.33456889
550	24.47326325
551	-24.47326325
552	75.93268754
553	-75.93268754
554	70.92469572
555	-70.92469572
556	91.03751961
557	-91.03751961
558	11.79342711
559	-11.79342711
560	37.28248664
561	-37.28248664
562	55.77410998
563	-55.77410998
564	67.26847414
565	-67.26847414
566	31.45039319
567	-31.45039319
568	54.02609228
569	-54.02609228
570	61.64347288
571	-61.64347288
572	7.322616485
573	-7.322616485
574	37.95140941
575	-37.95140941
576	26.23591746
577	-26.23591746
578	37.54471344
579	-37.54471344
580	63.30633978
581	-63.30633978
582	64.8511312
583	-64.8511312
584	4.345329525
585	-4.345329525
586	14.84185894
587	-14.84185894
588	58.32501542
589	-58.32501542
590	57.64077899
591	-57.64077899
592	7.918194087
593	-7.918194087
594	80.62240492
595	-80.62240492
596	78.55298034
597	-78.55298034
598	90.5709708
599	-90.5709708
600	8.522035462
601	-8.522035462
602	38.84755381
603	-38.84755381
604	44.51606619
605	-44.51606619
606	72.43386732
607	-72.43386732
608	69.09205408
609	-69.09205408
610	8.049014393
611	-8.049014393
612	67.55319709
613	-67.55319709
614	90.05050828
615	-90.05050828
616	69.34688831
617	-69.34688831
618	25.77926276
619	-25.77926276
620	64.07482612
621	-64.07482612
622	10.64143467
623	-10.64143467
624	79.16237252
625	-79.16237252
626	56.00068735
627	-56.00068735
628	59.46663348
629	-59.46663348
630	92.46019818
631	-92.46019818
632	52.53811403
633	-52.53811403
634	44.05278581
635	-44.05278581
636	31.71271871
637	-31.71271871
638	90.63946096
639	-90.63946096
640	95.49802001
641	-95.49802001
642	85.00547518
643	-85.00547518
644	77.48157502
645	-77.48157502
646	18.60201543
647	-18.60201543
648	92.62353336
649	-92.62353336
650	40.97020284
651	-40.97020284
652	12.19925122
653	-12.19925122
654	41.3365092
655	-41.3365092
656	91.33335701
657	-91.33335701
658	71.55917593
659	-71.55917593
660	39.96299257
661	-39.96299257
662	35.65675328
663	-35.65675328
664	91.93981655
665	-91.93981655
666	2.567008183
667	-2.567008183
668	36.37229544
669	-36.37229544
670	99.55801607
671	-99.55801607
672	69.62680771
673	-69.62680771
674	30.75768377
675	-30.75768377
676	87.53568423
677	-87.53568423
678	66.71963206
679	-66.71963206
680	47.2072198
681	-47.2072198
682	83.52236122
683	-83.52236122
684	53.08044137
685	-53.08044137
686	50.9505894
687	-50.9505894
688	39.95253576
689	-39.95253576
690	87.04602595
691	-87.04602595
692	49.61457
693	-49.61457
694	35.07553327
695	-35.07553327
696	5.416115886
697	-5.416115886
698	81.97382482
699	-81.97382482
700	24.62219656
701	-24.62219656
702	81.0761123
703	-81.0761123
704	24.09107916
705	-16.09107916
706	90.75660001
707	-82.75660001
708	24.82352872
709	-42.82352872
710	38.71675742
711	-56.71675742
712	38.9010011
713	-56.9010011
714	18.079998
715	-36.079998
716	-7.298789291
717	-10.70121071
718	18.30511642
719	-36.30511642
720	85.17664468
721	-103.1766447
722	7.941220576
723	-25.94122058
724	19.70145317
725	-37.70145317
726	4.342168483
727	-22.34216848
728	81.21369526
729	-99.21369526
730	75.79400467
731	-93.79400467
732	-4.648642119
733	-13.35135788
734	74.52972051
735	-92.52972051
736	-0.888758172
737	-17.11124183
738	44.91573683
739	-62.91573683
740	22.9072327
741	-40.9072327
742	41.77459096
743	-59.77459096
744	21.8449203
745	-39.8449203
746	64.51175991
747	-82.51175991
748	52.55156305
749	-70.55156305
750	37.42805262
751	-55.42805262
752	-0.931197253
753	-17.06880275
754	20.20148736
755	-38.20148736
756	48.92378827
757	-66.92378827
758	42.06483529
759	-60.06483529
760	43.04723073
761	-61.04723073
762	4.206165029
763	-22.20616503
764	45.62489357
765	-63.62489357
766	76.37797815
767	-94.37797815
768	57.34349031
769	-75.34349031
770	25.32086325
771	-43.32086325
772	15.06108516
773	-33.06108516
774	33.0615506
775	-51.0615506
776	31.86284454
777	-49.86284454
778	23.49549916
779	-41.49549916
780	2.914406007
781	-20.91440601
782	50.82733753
783	-68.82733753
784	76.61820321
785	-94.61820321
786	29.41683158
787	-47.41683158
788	28.44609964
789	-46.44609964
790	-1.358077227
791	-16.64192277
792	49.92745762
793	-67.92745762
794	11.52600752
795	-29.52600752
796	58.59912772
797	-76.59912772
798	26.3892947
799	-44.3892947
800	39.03724159
801	-57.03724159
802	68.31820875
803	-86.31820875
804	44.85590423
805	-62.85590423
806	21.98642376
807	-39.98642376
808	71.89959325
809	-89.89959325
810	60.62950164
811	-78.62950164
812	-8.583209218
813	-9.416790782
814	21.70287634
815	-39.70287634
816	12.91430153
817	-30.91430153
818	59.79663341
819	-77.79663341
820	42.7982014
821	-60.7982014
822	77.34975285
823	-95.34975285
824	50.13855058
825	-68.13855058
826	33.70634082
827	-51.70634082
828	46.54446998
829	-64.54446998
830	40.30175185
831	-58.30175185
832	3.562732058
833	-21.56273206
834	71.52990634
835	-89.52990634
836	33.23841149
837	-51.23841149
838	47.57728531
839	-65.57728531
840	43.57795746
841	-61.57795746
842	82.08038026
843	-100.0803803
844	14.87983015
845	-32.87983015
846	51.34477619
847	-69.34477619
848	-2.710526501
849	-15.2894735
850	73.55659161
851	-91.55659161
852	31.74987099
853	-49.74987099
854	64.75276849
855	-82.75276849
856	38.88891391
857	-56.88891391
858	1.080532639
859	-19.08053264
860	90.5755645
861	-108.5755645
862	75.66675805
863	-93.66675805
864	81.5123208
865	-99.5123208
866	21.24692462
867	-39.24692462
868	22.08933151
869	-40.08933151
870	30.43940328
871	-48.43940328
872	80.93340465
873	-98.93340465
874	16.54858861
875	-34.54858861
876	85.22154597
877	-103.221546
878	77.4557058
879	-95.4557058
880	66.8720351
881	-68.8720351
882	58.59323626
883	-44.59323626
884	91.13096031
885	-93.13096031
886	42.95586762
887	-44.95586762
888	95.80765724
889	-97.80765724
890	24.58084564
891	-26.58084564
892	79.31201964
893	-81.31201964
894	67.8696728
895	-69.8696728
896	64.4761759
897	-66.4761759
898	46.68981842
899	-48.68981842
900	88.18788973
901	-90.18788973
902	7.769246546
903	-9.769246546
904	53.62793106
905	-55.62793106
906	21.80689599
907	-23.80689599
908	70.94691954
909	-72.94691954
910	1.311359618
911	-3.311359618
912	25.56798773
913	-27.56798773
914	79.437139
915	-81.437139
916	71.70597351
917	-73.70597351
918	66.41986725
919	-68.41986725
920	20.1766573
921	-22.1766573
922	62.88718872
923	-64.88718872
924	87.83581781
925	-89.83581781
926	77.35494279
927	-79.35494279
928	98.18531401
929	-100.185314
930	56.10647391
931	-58.10647391
932	70.99392507
933	-72.99392507
934	45.8661307
935	-47.8661307
936	87.20703645
937	-89.20703645
938	56.29933193
939	-58.29933193
940	6.940125481
941	-8.940125481
942	0.739563419
943	-2.739563419
944	2.448673383
945	-4.448673383
946	93.04937419
947	-95.04937419
948	28.6958546
949	-30.6958546
950	58.14315482
951	-60.14315482
952	95.25886512
953	-97.25886512
954	36.13692439
955	-38.13692439
956	46.24008124
957	-48.24008124
958	30.76941952
959	-32.76941952
960	61.83309006
961	-63.83309006
962	94.85823848
963	-96.85823848
964	50.69024523
965	-52.69024523
966	23.29848684
967	-25.29848684
968	74.66355306
969	-76.66355306
970	23.41324546
971	-25.41324546
972	-0.813192816
973	-1.186807184
974	28.62572032
975	-30.62572032
976	22.49818683
977	-24.49818683
978	93.47718421
979	-95.47718421
980	9.289165249
981	-11.28916525
982	45.08055043
983	-47.08055043
984	15.39219854
985	-17.39219854
986	67.51839255
987	-69.51839255
988	53.0507469
989	-55.0507469
990	79.57781517
991	-81.57781517
992	72.4551401
993	-74.4551401
994	82.76324899
995	-84.76324899
996	66.49833648
997	-68.49833648
998	7.688031809
999	-9.688031809
1000	83.28123995
1001	-85.28123995
1002	70.22667124
1003	-72.22667124
1004	49.26132109
1005	-51.26132109
1006	33.69291032
1007	-35.69291032
1008	27.27642283
1009	-29.27642283
1010	7.906047642
1011	-9.906047642
1012	10.1233896
1013	-12.1233896
1014	98.72630183
1015	-100.7263018
1016	36.65745368
1017	-38.65745368
1018	8.499887568
1019	-10.49988757
1020	11.39928005
1021	-13.39928005
1022	13.64012887
1023	-15.64012887
1024	39.36149941
1025	-41.36149941
1026	98.14906631
1027	-100.1490663
1028	69.75927496
1029	-71.75927496
1030	38.97625687
1031	-40.97625687
1032	56.35762925
1033	-58.35762925
1034	28.02781217
1035	-30.02781217
1036	56.91385143
1037	-58.91385143
1038	49.68686515
1039	-51.68686515
1040	66.69759984
1041	-68.69759984
1042	83.46239248
1043	-85.46239248
1044	70.06705877
1045	-72.06705877
1046	6.094310555
1047	-8.094310555
1048	68.84952123
1049	-70.84952123
1050	36.39291382
1051	-38.39291382
1052	24.5230654
1053	-26.5230654
1054	0.56434922
1055	-2.56434922
1056	4.203499739
1057	-6.203499739
1058	64.95965663
1059	-50.95965663
1060	33.77872914
1061	-21.77872914
1062	62.31550221
1063	-52.31550221
1064	8.789666696
1065	1.210333304
1066	102.0039869
1067	-92.00398692
1068	15.60356474
1069	-5.603564736
1070	69.16966045
1071	-59.16966045
1072	66.74971929
1073	-56.74971929
1074	59.62622538
1075	-49.62622538
1076	28.85895076
1077	-18.85895076
1078	88.70056865
1079	-78.70056865
1080	95.69364498
1081	-85.69364498
1082	20.92450959
1083	-10.92450959
1084	101.766961
1085	-91.76696099
1086	68.74345266
1087	-58.74345266
1088	57.87134369
1089	-47.87134369
1090	36.0685036
1091	-26.0685036
1092	9.3226402
1093	0.6773598
1094	18.76284604
1095	-8.762846038
1096	99.68115164
1097	-89.68115164
1098	92.89225097
1099	-82.89225097
1100	91.1986057
1101	-81.1986057
1102	67.74283346
1103	-57.74283346
1104	98.55314947
1105	-88.55314947
1106	97.80387703
1107	-87.80387703
1108	43.7442586
1109	-33.7442586
1110	99.45512491
1111	-89.45512491
1112	76.55081377
1113	-66.55081377
1114	102.8810573
1115	-92.8810573
1116	98.16842413
1117	-88.16842413
1118	66.23912676
1119	-56.23912676
1120	98.78303865
1121	-88.78303865
1122	39.56552097
1123	-29.56552097
1124	91.10320272
1125	-81.10320272
1126	54.28619636
1127	-44.28619636
1128	97.98847638
1129	-87.98847638
1130	102.2314831
1131	-92.23148306
1132	56.74163444
1133	-46.74163444
1134	67.30319729
1135	-57.30319729
1136	38.07400608
1137	-28.07400608
1138	8.031407973
1139	1.968592027
1140	64.61823286
1141	-54.61823286
1142	22.45497727
1143	-12.45497727
1144	93.13227461
1145	-83.13227461
1146	45.7673726
1147	-35.7673726
1148	31.06420916
1149	-21.06420916
1150	81.85848012
1151	-71.85848012
1152	33.55666435
1153	-23.55666435
1154	104.256326
1155	-94.25632598
1156	42.53191069
1157	-32.53191069
1158	33.01001475
1159	-23.01001475
1160	9.428037352
1161	0.571962648
1162	55.97805788
1163	-45.97805788
1164	104.5804092
1165	-94.58040921
1166	5.225410221
1167	4.774589779
1168	51.32008955
1169	-41.32008955
1170	41.98464602
1171	-31.98464602
1172	95.21879119
1173	-85.21879119
1174	86.60324942
1175	-76.60324942
1176	9.379615418
1177	0.620384582
1178	46.73588994
1179	-36.73588994
1180	98.8676852
1181	-88.8676852
1182	71.18068974
1183	-61.18068974
1184	30.8236913
1185	-20.8236913
1186	49.10284438
1187	-39.10284438
1188	62.92878212
1189	-52.92878212
1190	88.48431784
1191	-78.48431784
1192	51.32492136
1193	-41.32492136
1194	15.73899989
1195	-5.738999889
1196	35.29087701
1197	-25.29087701
1198	10.6140985
1199	-0.614098505
1200	37.28675808
1201	-27.28675808
1202	63.56570827
1203	-53.56570827
1204	25.06637588
1205	-15.06637588
1206	62.00625561
1207	-52.00625561
1208	81.99366171
1209	-71.99366171
1210	16.78338012
1211	-6.783380122
1212	35.40870959
1213	-25.40870959
1214	31.68096489
1215	-21.68096489
1216	7.585478798
1217	2.414521202
1218	77.1313638
1219	-67.1313638
1220	58.31194489
1221	-48.31194489
1222	21.54353079
1223	-11.54353079
1224	13.94908389
1225	-3.949083891
1226	90.62814189
1227	-80.62814189
1228	26.42976992
1229	-16.42976992
1230	90.988432
1231	-80.988432
1232	1.008356991
1233	-9.008356991
1234	82.01055942
1235	-90.01055942
1236	83.43476622
1237	-101.4347662
1238	40.81148463
1239	-58.81148463
1240	50.1573534
1241	-68.1573534
1242	63.35114108
1243	-81.35114108
1244	18.21469206
1245	-36.21469206
1246	70.77284233
1247	-88.77284233
1248	74.22671873
1249	-92.22671873
1250	8.786522222
1251	-26.78652222
1252	8.376938853
1253	-26.37693885
1254	52.91894363
1255	-70.91894363
1256	41.51608487
1257	-59.51608487
1258	77.36640096
1259	-95.36640096
1260	0.99130725
1261	-18.99130725
1262	36.57670472
1263	-54.57670472
1264	22.5215383
1265	-40.5215383
1266	39.59680535
1267	-57.59680535
1268	72.14795393
1269	-90.14795393
1270	45.5079667
1271	-63.5079667
1272	89.20484275
1273	-107.2048427
1274	84.15659585
1275	-102.1565959
1276	-0.003069956
1277	-17.99693004
1278	5.771115336
1279	-23.77111534
1280	62.44875668
1281	-80.44875668
1282	58.20658788
1283	-76.20658788
1284	27.89168352
1285	-45.89168352
1286	45.50520242
1287	-63.50520242
1288	-7.735140234
1289	-10.26485977
1290	1.532724378
1291	-19.53272438
1292	1.606321328
1293	-19.60632133
1294	64.34788916
1295	-82.34788916
1296	33.89458305
1297	-51.89458305
1298	26.7555124
1299	-44.7555124
1300	10.52136355
1301	-28.52136355
1302	6.707421275
1303	-24.70742127
1304	64.83299936
1305	-82.83299936
1306	6.438392348
1307	-24.43839235
1308	43.59795236
1309	-61.59795236
1310	46.24652001
1311	-64.24652001
1312	59.64620292
1313	-77.64620292
1314	35.2168571
1315	-53.2168571
1316	83.13910507
1317	-101.1391051
1318	89.79630286
1319	-107.7963029
1320	85.17465196
1321	-103.174652
1322	71.24477083
1323	-89.24477083
1324	56.93291324
1325	-74.93291324
1326	4.353542665
1327	-22.35354266
1328	42.9900718
1329	-60.9900718
1330	3.094645871
1331	-21.09464587
1332	31.75522885
1333	-49.75522885
1334	1.45171923
1335	-19.45171923
1336	4.762114553
1337	-22.76211455
1338	65.02075367
1339	-83.02075367
1340	43.58861576
1341	-61.58861576
1342	50.78773351
1343	-68.78773351
1344	80.94556428
1345	-98.94556428
1346	15.82482759
1347	-33.82482759
1348	54.20045324
1349	-72.20045324
1350	9.543724264
1351	-27.54372426
1352	22.07503982
1353	-40.07503982
1354	25.35629526
1355	-43.35629526
1356	29.52282076
1357	-47.52282076
1358	9.365861712
1359	-27.36586171
1360	-2.345363854
1361	-15.65463615
1362	17.39933112
1363	-35.39933112
1364	4.698032958
1365	-22.69803296
1366	31.3572731
1367	-49.3572731
1368	62.75682852
1369	-80.75682852
1370	90.2910698
1371	-108.2910698
1372	60.32079552
1373	-78.32079552
1374	37.64622346
1375	-55.64622346
1376	73.80806834
1377	-91.80806834
1378	7.881389749
1379	-25.88138975
1380	61.370738
1381	-79.370738
1382	40.85404031
1383	-58.85404031
1384	-4.373216985
1385	-13.62678302
1386	81.5775373
1387	-99.5775373
1388	-0.991925959
1389	-17.00807404
1390	9.097100787
1391	-27.09710079
1392	47.09668122
1393	-65.09668122
1394	82.62245852
1395	-100.6224585
1396	30.78520807
1397	-48.78520807
1398	9.975750158
1399	-27.97575016
1400	45.62700401
1401	-63.62700401
1402	89.22269534
1403	-107.2226953
1404	10.58020605
1405	-28.58020605
1406	49.15461509
1407	-67.15461509
1408	45.61412561
1409	-63.61412561
1410	87.39812577
1411	-94.39812577
1412	30.12519687
1413	-17.12519687
1414	90.52047565
1415	-68.52047565
1416	74.23982876
1417	-52.23982876
1418	94.38641276
1419	-72.38641276
1420	73.30022577
1421	-51.30022577
1422	110.3808915
1423	-88.38089146
1424	70.37383163
1425	-48.37383163
1426	69.32958997
1427	-47.32958997
1428	104.1902514
1429	-82.19025139
1430	95.54304563
1431	-73.54304563
1432	47.33942817
1433	-25.33942817
1434	99.72313457
1435	-77.72313457
1436	103.5894486
1437	-81.58944857
1438	109.992712
1439	-87.99271201
1440	41.24657169
1441	-19.24657169
1442	98.35930994
1443	-76.35930994
1444	110.0366494
1445	-88.03664945
1446	34.25365729
1447	-12.25365729
1448	61.65184196
1449	-39.65184196
1450	54.26451789
1451	-32.26451789
1452	83.70151875
1453	-61.70151875
1454	24.9459848
1455	-2.945984801
1456	34.37462401
1457	-12.37462401
1458	50.38720519
1459	-28.38720519
1460	79.9083369
1461	-57.9083369
1462	102.1204487
1463	-80.12044871
1464	96.82947463
1465	-74.82947463
1466	15.21091299
1467	6.789087007
1468	78.12106271
1469	-56.12106271
1470	30.37186683
1471	-8.37186683
1472	87.5218342
1473	-65.5218342
1474	102.2412243
1475	-80.2412243
1476	25.50901784
1477	-3.509017843
1478	26.52826187
1479	-4.528261873
1480	76.26537504
1481	-54.26537504
1482	108.7098787
1483	-86.70987869
1484	37.44310417
1485	-15.44310417
1486	61.83455369
1487	-39.83455369
1488	104.5125218
1489	-82.51252176
1490	55.85120145
1491	-33.85120145
1492	26.76197404
1493	-4.761974045
1494	70.82914965
1495	-48.82914965
1496	70.73352367
1497	-48.73352367
1498	59.42159795
1499	-37.42159795
1500	74.1513438
1501	-52.1513438
1502	93.75444349
1503	-71.75444349
1504	45.04556188
1505	-23.04556188
1506	25.70402024
1507	-3.704020239
1508	99.14988877
1509	-77.14988877
1510	42.51322886
1511	-20.51322886
1512	30.88502111
1513	-8.885021106
1514	53.05733285
1515	-31.05733285
1516	82.14264159
1517	-60.14264159
1518	68.76726418
1519	-46.76726418
1520	92.25240123
1521	-70.25240123
1522	73.53756625
1523	-51.53756625
1524	34.43723326
1525	-12.43723326
1526	13.20269607
1527	8.79730393
1528	109.4449475
1529	-87.44494755
1530	59.64875787
1531	-37.64875787
1532	104.2714952
1533	-82.27149517
1534	93.00476826
1535	-71.00476826
1536	92.47240488
1537	-70.47240488
1538	20.09863014
1539	1.901369864
1540	67.08331994
1541	-45.08331994
1542	110.9319314
1543	-88.93193142
1544	100.6686131
1545	-78.66861311
1546	24.86506436
1547	-2.865064358
1548	24.95921193
1549	-2.95921193
1550	81.67609107
1551	-59.67609107
1552	32.27979808
1553	-10.27979808
1554	55.55104677
1555	-33.55104677
1556	33.44397087
1557	-11.44397087
1558	94.900678
1559	-72.900678
1560	93.95253068
1561	-71.95253068
1562	106.2908817
1563	-84.29088174
1564	63.86064848
1565	-41.86064848
1566	99.25736165
1567	-77.25736165
1568	90.38806779
1569	-68.38806779
1570	105.5826103
1571	-83.58261034
1572	75.91182475
1573	-53.91182475
1574	82.20279751
1575	-60.20279751
1576	33.60418964
1577	-11.60418964
1578	55.4581839
1579	-33.4581839
1580	110.4589054
1581	-88.45890537
1582	100.5258817
1583	-78.52588167
1584	44.29077264
1585	-22.29077264
1586	17.52700066
1587	4.47299934
1588	96.419502
1589	-74.419502
1590	66.01954596
1591	-68.01954596
1592	84.66243497
1593	-102.662435
1594	72.78897023
1595	-90.78897023
1596	78.1019021
1597	-96.1019021
1598	15.12977475
1599	-33.12977475
1600	0.879851807
1601	-18.87985181
1602	33.34855176
1603	-51.34855176
1604	-2.628792419
1605	-15.37120758
1606	50.53876879
1607	-68.53876879
1608	67.86261642
1609	-85.86261642
1610	10.42467063
1611	-28.42467063
1612	33.92187097
1613	-51.92187097
1614	20.14497375
1615	-38.14497375
1616	72.03696625
1617	-90.03696625
1618	4.493812901
1619	-22.4938129
1620	77.83499718
1621	-95.83499718
1622	81.96634889
1623	-99.96634889
1624	55.39176779
1625	-73.39176779
1626	5.810361197
1627	-23.8103612
1628	31.80762438
1629	-49.80762438
1630	4.576684319
1631	-22.57668432
1632	61.38608481
1633	-79.38608481
1634	61.15594713
1635	-79.15594713
1636	21.35430994
1637	-39.35430994
1638	88.53785783
1639	-106.5378578
1640	68.31841643
1641	-86.31841643
1642	80.68295157
1643	-98.68295157
1644	24.35553111
1645	-42.35553111
1646	49.16927712
1647	-67.16927712
1648	67.60933506
1649	-85.60933506
1650	0.831087511
1651	-18.83108751
1652	83.11966415
1653	-101.1196641
1654	71.24302475
1655	-89.24302475
1656	75.52988499
1657	-93.52988499
1658	56.68345105
1659	-74.68345105
1660	33.48531028
1661	-51.48531028
1662	90.23776664
1663	-108.2377666
1664	66.70193839
1665	-84.70193839
1666	63.49898229
1667	-81.49898229
1668	41.83128714
1669	-59.83128714
1670	85.09375162
1671	-103.0937516
1672	18.69547932
1673	-36.69547932
1674	67.65140931
1675	-85.65140931
1676	28.77540364
1677	-46.77540364
1678	-5.696520596
1679	-12.3034794
1680	24.69807111
1681	-42.69807111
1682	82.66113895
1683	-100.6611389
1684	18.10314986
1685	-36.10314986
1686	12.64655302
1687	-30.64655302
1688	40.95443473
1689	-58.95443473
1690	18.37214169
1691	-36.37214169
1692	87.38198511
1693	-105.3819851
1694	14.61658452
1695	-32.61658452
1696	33.86409284
1697	-51.86409284
1698	23.69138095
1699	-41.69138095
1700	-5.927365736
1701	-12.07263426
1702	90.64479517
1703	-108.6447952
1704	33.40713381
1705	-51.40713381
1706	2.467886444
1707	-20.46788644
1708	65.43840438
1709	-83.43840438
1710	7.644432979
1711	-25.64443298
1712	38.52616888
1713	-56.52616888
1714	82.70142147
1715	-100.7014215
1716	47.85362978
1717	-65.85362978
1718	34.71370752
1719	-52.71370752
1720	22.45448067
1721	-40.45448067
1722	13.19041347
1723	-31.19041347
1724	25.12985842
1725	-43.12985842
1726	79.98893683
1727	-97.98893683
1728	21.3058971
1729	-39.3058971
1730	-7.14540708
1731	-10.85459292
1732	68.03947485
1733	-86.03947485
1734	5.489546135
1735	-23.48954613
1736	78.22793846
1737	-96.22793846
1738	61.46217962
1739	-79.46217962
1740	26.49092854
1741	-44.49092854
1742	44.60236524
1743	-62.60236524
1744	43.74478063
1745	-61.74478063
1746	12.88983191
1747	-30.88983191
1748	70.93259752
1749	-88.93259752
1750	52.21378456
1751	-70.21378456
1752	81.41398704
1753	-99.41398704
1754	50.6005851
1755	-68.6005851
1756	27.59725165
1757	-45.59725165
1758	70.63675475
1759	-88.63675475
1760	2.573737354
1761	-20.57373735
1762	6.664616204
1763	-7.664616204
1764	23.05973983
1765	-7.05973983
1766	39.28949081
1767	-13.28949081
1768	34.34387613
1769	-8.343876133
1770	38.26333716
1771	-12.26333716
1772	58.80824684
1773	-32.80824684
1774	43.54103576
1775	-17.54103576
1776	97.10918334
1777	-71.10918334
1778	34.78084863
1779	-8.780848628
1780	51.35613487
1781	-25.35613487
1782	46.5869397
1783	-20.5869397
1784	105.107962
1785	-79.10796198
1786	43.19697631
1787	-17.19697631
1788	104.2468461
1789	-78.24684608
1790	17.09574955
1791	8.904250446
1792	73.51550436
1793	-47.51550436
1794	100.6751802
1795	-74.67518016
1796	58.00473272
1797	-32.00473272
1798	37.13612052
1799	-11.13612052
1800	44.60272615
1801	-18.60272615
1802	107.4535684
1803	-81.45356844
1804	56.31633679
1805	-30.31633679
1806	88.86129501
1807	-62.86129501
1808	51.6182589
1809	-25.6182589
1810	81.33556326
1811	-55.33556326
1812	98.3351573
1813	-72.3351573
1814	108.1158068
1815	-82.11580678
1816	59.379832
1817	-33.379832
1818	59.16150502
1819	-33.16150502
1820	21.47664214
1821	4.523357859
1822	73.1545043
1823	-47.1545043
1824	17.09158519
1825	8.908414809
1826	107.8241196
1827	-81.82411962
1828	28.63733801
1829	-2.63733801
1830	85.97539096
1831	-59.97539096
1832	89.00900305
1833	-63.00900305
1834	36.17723762
1835	-10.17723762
1836	72.59696105
1837	-46.59696105
1838	69.75848092
1839	-43.75848092
1840	23.18106234
1841	2.818937658
1842	112.6750355
1843	-86.67503554
1844	48.50225823
1845	-22.50225823
1846	21.98501791
1847	4.014982094
1848	52.39002649
1849	-26.39002649
1850	100.5711899
1851	-74.57118991
1852	81.14489743
1853	-55.14489743
1854	82.4048519
1855	-56.4048519
1856	38.21286972
1857	-12.21286972
1858	20.44205685
1859	5.557943149
1860	79.10281398
1861	-53.10281398
1862	35.52538748
1863	-9.525387483
1864	29.62915673
1865	-3.629156727
1866	13.56026627
1867	12.43973373
1868	110.3152483
1869	-84.31524825
1870	75.2752863
1871	-49.2752863
1872	99.28310582
1873	-73.28310582
1874	48.43853435
1875	-22.43853435
1876	32.40449857
1877	-6.404498565
1878	94.81156561
1879	-68.81156561
1880	66.91897752
1881	-40.91897752
1882	21.93277363
1883	4.067226372
1884	96.90863692
1885	-70.90863692
1886	45.52702916
1887	-19.52702916
1888	57.56397805
1889	-31.56397805
1890	80.21144756
1891	-54.21144756
1892	91.07053034
1893	-65.07053034
1894	110.5645605
1895	-84.56456047
1896	51.96956579
1897	-25.96956579
1898	19.62308944
1899	6.376910559
1900	48.30905162
1901	-22.30905162
1902	29.90680065
1903	-3.90680065
1904	26.31110699
1905	-0.311106988
1906	62.08346329
1907	-36.08346329
1908	22.00834384
1909	3.991656158
1910	73.23172459
1911	-47.23172459
1912	77.9533495
1913	-51.9533495
1914	72.48206282
1915	-46.48206282
1916	47.3734485
1917	-21.3734485
1918	56.16272689
1919	-30.16272689
1920	98.41172052
1921	-72.41172052
1922	21.82658068
1923	4.17341932
1924	43.87940607
1925	-17.87940607
1926	90.29384553
1927	-64.29384553
1928	82.119164
1929	-56.119164
1930	112.5212547
1931	-86.52125475
1932	80.73019505
1933	-54.73019505
1934	20.78835421
1935	5.211645792
1936	66.91766281
1937	-40.91766281
1938	39.59157031
1939	-13.59157031
1940	62.10698439
1941	-78.10698439
1942	11.83514039
1943	-13.83514039
1944	83.71442401
1945	-85.71442401
1946	92.54271022
1947	-94.54271022
1948	74.85633847
1949	-76.85633847
1950	29.92154347
1951	-31.92154347
1952	55.43027273
1953	-57.43027273
1954	94.29062864
1955	-96.29062864
1956	93.69925007
1957	-95.69925007
1958	95.46599647
1959	-97.46599647
1960	-0.381679864
1961	-1.618320136
1962	57.82607142
1963	-59.82607142
1964	45.30761689
1965	-47.30761689
1966	61.96802238
1967	-63.96802238
1968	51.01456699
1969	-53.01456699
1970	70.57435848
1971	-72.57435848
1972	36.98446836
1973	-38.98446836
1974	34.57575032
1975	-36.57575032
1976	50.86810341
1977	-52.86810341
1978	62.91408951
1979	-64.91408951
1980	27.33703555
1981	-29.33703555
1982	19.44285832
1983	-21.44285832
1984	42.55061572
1985	-44.55061572
1986	43.11939635
1987	-45.11939635
1988	47.05054359
1989	-49.05054359
1990	71.94622953
1991	-73.94622953
1992	72.61339275
1993	-74.61339275
1994	5.096682165
1995	-7.096682165
1996	46.54103781
1997	-48.54103781
1998	67.27666271
1999	-69.27666271
2000	89.76782276
2001	-91.76782276
2002	20.16719961
2003	-22.16719961
2004	0.175149342
2005	-2.175149342
2006	24.33460745
2007	-26.33460745
2008	63.27937585
2009	-65.27937585
2010	94.81141202
2011	-96.81141202
2012	40.51948904
2013	-42.51948904
2014	61.1701337
2015	-63.1701337
2016	40.18185583
2017	-42.18185583
2018	31.79996997
2019	-33.79996997
2020	79.07172642
2021	-81.07172642
2022	2.040740684
2023	-4.040740684
2024	87.07189909
2025	-89.07189909
2026	61.67354782
2027	-63.67354782
2028	53.05944014
2029	-55.05944014
2030	39.03787965
2031	-41.03787965
2032	81.24297737
2033	-83.24297737
2034	46.19126767
2035	-48.19126767
2036	56.02793016
2037	-58.02793016
2038	60.07053407
2039	-62.07053407
2040	1.227466741
2041	-3.227466741
2042	69.00717497
2043	-71.00717497
2044	91.9499651
2045	-93.9499651
2046	41.70517683
2047	-43.70517683
2048	48.41488023
2049	-50.41488023
2050	67.57867572
2051	-69.57867572
2052	96.5677331
2053	-98.5677331
2054	65.11085495
2055	-67.11085495
2056	50.24323855
2057	-52.24323855
2058	53.63023495
2059	-55.63023495
2060	19.76834912
2061	-21.76834912
2062	53.70502152
2063	-55.70502152
2064	34.86682478
2065	-36.86682478
2066	37.86388044
2067	-39.86388044
2068	16.23710609
2069	-18.23710609
2070	7.321647077
2071	-9.321647077
2072	64.48529305
2073	-66.48529305
2074	87.74698618
2075	-89.74698618
2076	52.41091583
2077	-54.41091583
2078	7.196088716
2079	-9.196088716
2080	2.137373664
2081	-4.137373664
2082	95.10282983
2083	-97.10282983
2084	6.568495848
2085	-8.568495848
2086	91.1830812
2087	-93.1830812
2088	14.57897137
2089	-16.57897137
2090	0.47958915
2091	-2.47958915
2092	6.14648903
2093	-8.14648903
2094	60.67483657
2095	-62.67483657
2096	47.30981649
2097	-49.30981649
2098	69.98074807
2099	-71.98074807
2100	1.594478146
2101	-3.594478146
2102	84.15471285
2103	-86.15471285
2104	40.95142269
2105	-42.95142269
2106	31.7367721
2107	-33.7367721
2108	82.49544326
2109	-84.49544326
2110	27.3262897
2111	-29.3262897
2112	64.90564919
2113	-66.90564919
2114	77.91073306
2115	-79.91073306
2116	18.15031452
2117	-16.15031452
2118	88.83202301
2119	-82.83202301
2120	73.90167411
2121	-67.90167411
2122	35.19972645
2123	-29.19972645
2124	64.12834423
2125	-58.12834423
2126	82.69075793
2127	-76.69075793
2128	3.7653536
2129	2.2346464
2130	23.09749968
2131	-17.09749968
2132	75.30129731
2133	-69.30129731
2134	84.18599512
2135	-78.18599512
2136	16.84817097
2137	-10.84817097
2138	33.38579014
2139	-27.38579014
2140	36.78735584
2141	-30.78735584
2142	43.57443572
2143	-37.57443572
2144	83.15917696
2145	-77.15917696
2146	61.68901048
2147	-55.68901048
2148	89.49147768
2149	-83.49147768
2150	43.71387214
2151	-37.71387214
2152	20.6929869
2153	-14.6929869
2154	98.00047332
2155	-92.00047332
2156	62.36818707
2157	-56.36818707
2158	60.50574013
2159	-54.50574013
2160	47.78974619
2161	-41.78974619
2162	57.70063656
2163	-51.70063656
2164	28.48357147
2165	-22.48357147
2166	33.76317805
2167	-27.76317805
2168	27.47972313
2169	-21.47972313
2170	5.168918532
2171	0.831081468
2172	57.93268715
2173	-51.93268715
2174	58.10687324
2175	-52.10687324
2176	31.49347851
2177	-25.49347851
2178	43.64182924
2179	-37.64182924
2180	6.922542124
2181	-0.922542124
2182	10.68675321
2183	-4.686753211
2184	71.68324442
2185	-65.68324442
2186	67.6856992
2187	-61.6856992
2188	55.2302988
2189	-49.2302988
2190	85.87177247
2191	-79.87177247
2192	102.3948854
2193	-96.39488542
2194	14.93648159
2195	-8.936481594
2196	82.95180348
2197	-76.95180348
2198	64.87534744
2199	-58.87534744
2200	89.77527959
2201	-83.77527959
2202	88.81743857
2203	-82.81743857
2204	50.38042157
2205	-44.38042157
2206	8.235043549
2207	-2.235043549
2208	24.51449233
2209	-18.51449233
2210	90.78447105
2211	-84.78447105
2212	59.32375138
2213	-53.32375138
2214	21.67211448
2215	-15.67211448
2216	83.71948521
2217	-77.71948521
2218	56.36427232
2219	-50.36427232
2220	32.02175781
2221	-26.02175781
2222	23.41636122
2223	-17.41636122
2224	34.34728065
2225	-28.34728065
2226	92.00202176
2227	-86.00202176
2228	66.84426985
2229	-60.84426985
2230	52.18616225
2231	-46.18616225
2232	86.43833241
2233	-80.43833241
2234	50.19525102
2235	-44.19525102
2236	12.19526699
2237	-6.195266993
2238	100.7790044
2239	-94.77900438
2240	61.06655076
2241	-55.06655076
2242	23.49257778
2243	-17.49257778
2244	63.30880454
2245	-57.30880454
2246	90.93865551
2247	-84.93865551
2248	68.41054411
2249	-62.41054411
2250	93.60329839
2251	-87.60329839
2252	28.64025321
2253	-22.64025321
2254	3.02455841
2255	2.97544159
2256	93.85592418
2257	-87.85592418
2258	49.5240843
2259	-43.5240843
2260	14.35282242
2261	-8.352822417
2262	25.12742657
2263	-19.12742657
2264	24.97357681
2265	-18.97357681
2266	43.01275743
2267	-37.01275743
2268	58.20558712
2269	-52.20558712
2270	99.51968045
2271	-93.51968045
2272	7.359763409
2273	-1.359763409
2274	95.94641861
2275	-89.94641861
2276	97.77421985
2277	-91.77421985
2278	6.045358081
2279	-0.045358081
2280	69.22037307
2281	-63.22037307
2282	35.61293545
2283	-29.61293545
2284	4.136867572
2285	1.863132428
2286	83.13485999
2287	-77.13485999
2288	99.59054781
2289	-93.59054781
2290	28.31428792
2291	-22.31428792
2292	10.81970264
2293	-34.81970264
2294	9.705060781
2295	-21.70506078
2296	93.09569152
2297	-105.0956915
2298	6.330817598
2299	-18.3308176
2300	3.510142203
2301	-15.5101422
2302	1.875473072
2303	-13.87547307
2304	20.05030541
2305	-32.05030541
2306	49.00143453
2307	-61.00143453
2308	69.42367261
2309	-81.42367261
2310	62.02878522
2311	-74.02878522
2312	69.89093396
2313	-81.89093396
2314	-0.349313445
2315	-11.65068655
2316	60.83705069
2317	-72.83705069
2318	23.47314592
2319	-35.47314592
2320	80.40595753
2321	-92.40595753
2322	13.2687289
2323	-25.2687289
2324	49.2986992
2325	-61.2986992
2326	0.989795519
2327	-12.98979552
2328	89.56624479
2329	-101.5662448
2330	49.95492276
2331	-61.95492276
2332	24.89037767
2333	-36.89037767
2334	9.398676209
2335	-21.39867621
2336	21.11432289
2337	-33.11432289
2338	19.33259825
2339	-31.33259825
2340	37.07214879
2341	-49.07214879
2342	-5.83487995
2343	-6.16512005
2344	39.29775014
2345	-51.29775014
2346	45.28611662
2347	-57.28611662
2348	26.31183236
2349	-38.31183236
2350	84.95355112
2351	-96.95355112
2352	57.17005561
2353	-69.17005561
2354	44.14675647
2355	-56.14675647
2356	25.41289755
2357	-37.41289755
2358	3.33623312
2359	-15.33623312
2360	61.43456887
2361	-73.43456887
2362	16.10671175
2363	-28.10671175
2364	33.90020317
2365	-45.90020317
2366	18.45321723
2367	-30.45321723
2368	91.78852454
2369	-103.7885245
2370	38.78403809
2371	-50.78403809
2372	28.859035
2373	-40.859035
2374	2.339498992
2375	-14.33949899
2376	1.385004056
2377	-13.38500406
2378	20.95328807
2379	-32.95328807
2380	89.05318542
2381	-101.0531854
2382	21.11235247
2383	-33.11235247
2384	23.54245515
2385	-35.54245515
2386	31.71990268
2387	-43.71990268
2388	72.92453601
2389	-84.92453601
2390	15.35954984
2391	-27.35954984
2392	46.25210756
2393	-58.25210756
2394	18.33861387
2395	-30.33861387
2396	-0.311371944
2397	-11.68862806
2398	52.87018083
2399	-64.87018083
2400	76.72744656
2401	-88.72744656
2402	22.53652613
2403	-34.53652613
2404	59.82498311
2405	-71.82498311
2406	6.324753427
2407	-18.32475343
2408	56.53408631
2409	-68.53408631
2410	58.46533774
2411	-70.46533774
2412	32.62717634
2413	-44.62717634
2414	-1.990001174
2415	-10.00999883
2416	26.46274684
2417	-38.46274684
2418	23.71345298
2419	-35.71345298
2420	-1.287869139
2421	-10.71213086
2422	70.76474622
2423	-82.76474622
2424	36.43183748
2425	-48.43183748
2426	78.05273669
2427	-90.05273669
2428	80.11007087
2429	-92.11007087
2430	23.93795451
2431	-35.93795451
2432	61.79034758
2433	-73.79034758
2434	43.19507105
2435	-55.19507105
2436	27.15984712
2437	-39.15984712
2438	43.66985775
2439	-55.66985775
2440	42.19330591
2441	-54.19330591
2442	71.58648577
2443	-83.58648577
2444	14.36319972
2445	-26.36319972
2446	24.44227923
2447	-36.44227923
2448	24.42378398
2449	-36.42378398
2450	33.66744922
2451	-45.66744922
2452	3.468971413
2453	-15.46897141
2454	-5.070458195
2455	-6.929541805
2456	10.17438632
2457	-22.17438632
2458	56.62843294
2459	-68.62843294
2460	31.40732709
2461	-43.40732709
2462	16.49100897
2463	-28.49100897
2464	6.048991802
2465	-18.0489918
2466	66.1789898
2467	-64.1789898
2468	70.96905058
2469	-65.96905058
2470	76.01912458
2471	-82.01912458
2472	44.00344566
2473	-50.00344566
2474	25.7853041
2475	-31.7853041
2476	79.49621858
2477	-85.49621858
2478	84.27559962
2479	-90.27559962
2480	44.0771954
2481	-50.0771954
2482	73.05900739
2483	-79.05900739
2484	13.21602875
2485	-19.21602875
2486	93.66707874
2487	-99.66707874
2488	80.25991041
2489	-86.25991041
2490	79.90261411
2491	-85.90261411
2492	7.737502861
2493	-13.73750286
2494	37.02315436
2495	-43.02315436
2496	6.266170321
2497	-12.26617032
2498	27.7390379
2499	-33.7390379
2500	6.248083147
2501	-12.24808315
2502	24.42332965
2503	-30.42332965
2504	78.94417674
2505	-84.94417674
2506	1.221510601
2507	-7.221510601
2508	9.491466879
2509	-15.49146688
2510	7.845344182
2511	-13.84534418
2512	13.7607
2513	-19.7607
2514	23.05250871
2515	-29.05250871
2516	38.73966894
2517	-44.73966894
2518	76.58790838
2519	-82.58790838
2520	85.12680137
2521	-91.12680137
2522	58.82505538
2523	-64.82505538
2524	30.07721054
2525	-36.07721054
2526	33.53223273
2527	-39.53223273
2528	47.17694369
2529	-53.17694369
2530	90.69168638
2531	-96.69168638
2532	-0.204460351
2533	-5.795539649
2534	-1.571618494
2535	-4.428381506
2536	67.65821863
2537	-73.65821863
2538	73.42355276
2539	-79.42355276
2540	66.6556357
2541	-72.6556357
2542	50.46973382
2543	-56.46973382
2544	94.92689248
2545	-100.9268925
2546	16.21599616
2547	-22.21599616
2548	12.36443703
2549	-18.36443703
2550	47.57644326
2551	-53.57644326
2552	28.14898707
2553	-34.14898707
2554	27.01891673
2555	-33.01891673
2556	57.06885754
2557	-63.06885754
2558	63.39419345
2559	-69.39419345
2560	14.41956557
2561	-20.41956557
2562	53.14093848
2563	-59.14093848
2564	52.04093385
2565	-58.04093385
2566	77.19295184
2567	-83.19295184
2568	51.09929259
2569	-57.09929259
2570	90.46973775
2571	-96.46973775
2572	1.94568796
2573	-7.94568796
2574	82.05987158
2575	-88.05987158
2576	44.99140379
2577	-50.99140379
2578	9.608699697
2579	-15.6086997
2580	21.19882803
2581	-27.19882803
2582	6.845930869
2583	-12.84593087
2584	39.20530691
2585	-45.20530691
2586	78.57284132
2587	-84.57284132
2588	21.8813181
2589	-27.8813181
2590	77.71913268
2591	-83.71913268
2592	57.33916475
2593	-63.33916475
2594	10.66576378
2595	-16.66576378
2596	30.0230743
2597	-36.0230743
2598	80.76153147
2599	-86.76153147
2600	58.10464287
2601	-64.10464287
2602	37.64355537
2603	-43.64355537
2604	96.03362887
2605	-102.0336289
2606	40.00549708
2607	-46.00549708
2608	16.4784307
2609	-22.4784307
2610	72.54935451
2611	-78.54935451
2612	26.35252865
2613	-32.35252865
2614	23.87821067
2615	-29.87821067
2616	18.46157237
2617	-24.46157237
2618	29.82418707
2619	-35.82418707
2620	64.47983975
2621	-70.47983975
2622	53.41935714
2623	-59.41935714
2624	62.57502388
2625	-68.57502388
2626	20.22417142
2627	-26.22417142
2628	42.02770594
2629	-48.02770594
2630	20.18529585
2631	-26.18529585
2632	50.0405974
2633	-56.0405974
2634	25.99954697
2635	-31.99954697
2636	44.31990395
2637	-50.31990395
2638	29.30021703
2639	-35.30021703
2640	80.92328024
2641	-86.92328024
2642	84.63477362
2643	-90.63477362
2644	83.26877974
2645	-89.26877974
2646	82.92235335
2647	-80.92235335
2648	42.72297206
2649	-42.72297206
2650	68.19266431
2651	-68.19266431
2652	97.26018615
2653	-97.26018615
2654	60.22054453
2655	-60.22054453
2656	87.28491045
2657	-87.28491045
2658	86.96531291
2659	-86.96531291
2660	90.32220448
2661	-90.32220448
2662	46.81147222
2663	-46.81147222
2664	37.37857915
2665	-37.37857915
2666	93.29476345
2667	-93.29476345
2668	95.37177164
2669	-95.37177164
2670	23.02578873
2671	-23.02578873
2672	52.55234489
2673	-52.55234489
2674	11.78855766
2675	-11.78855766
2676	56.19758695
2677	-56.19758695
2678	51.54415336
2679	-51.54415336
2680	77.30502967
2681	-77.30502967
2682	82.35953229
2683	-82.35953229
2684	41.1183528
2685	-41.1183528
2686	71.17800412
2687	-71.17800412
2688	63.31054365
2689	-63.31054365
2690	28.15800006
2691	-28.15800006
2692	47.58259591
2693	-47.58259591
2694	14.20151394
2695	-14.20151394
2696	0.547348961
2697	-0.547348961
2698	27.21618209
2699	-27.21618209
2700	1.864449769
2701	-1.864449769
2702	70.27299035
2703	-70.27299035
2704	5.13853914
2705	-5.13853914
2706	90.18691478
2707	-90.18691478
2708	49.4368843
2709	-49.4368843
2710	15.57418834
2711	-15.57418834
2712	56.63333715
2713	-56.63333715
2714	14.742394
2715	-14.742394
2716	49.19268734
2717	-49.19268734
2718	25.11801959
2719	-25.11801959
2720	83.18483362
2721	-83.18483362
2722	23.9699581
2723	-23.9699581
2724	81.54256062
2725	-81.54256062
2726	53.44254986
2727	-53.44254986
2728	49.71200531
2729	-49.71200531
2730	22.47836817
2731	-22.47836817
2732	31.71627594
2733	-31.71627594
2734	48.40503942
2735	-48.40503942
2736	87.17411298
2737	-87.17411298
2738	53.33902729
2739	-53.33902729
2740	49.24697749
2741	-49.24697749
2742	91.32926437
2743	-91.32926437
2744	11.0763649
2745	-11.0763649
2746	60.6949994
2747	-60.6949994
2748	40.66350899
2749	-40.66350899
2750	31.45783344
2751	-31.45783344
2752	23.53838926
2753	-23.53838926
2754	27.5160244
2755	-27.5160244
2756	62.50230074
2757	-62.50230074
2758	14.69110985
2759	-14.69110985
2760	43.66673368
2761	-43.66673368
2762	50.76020017
2763	-50.76020017
2764	79.02967637
2765	-79.02967637
2766	44.20398627
2767	-44.20398627
2768	85.18644725
2769	-85.18644725
2770	70.17120777
2771	-70.17120777
2772	10.31595857
2773	-10.31595857
2774	2.956642054
2775	-2.956642054
2776	26.65038838
2777	-26.65038838
2778	83.61410106
2779	-83.61410106
2780	57.4762882
2781	-57.4762882
2782	60.04900618
2783	-60.04900618
2784	21.54695091
2785	-21.54695091
2786	98.99048622
2787	-98.99048622
2788	60.5904043
2789	-60.5904043
2790	76.65220772
2791	-76.65220772
2792	16.53348373
2793	-16.53348373
2794	30.33145174
2795	-30.33145174
2796	92.10826227
2797	-92.10826227
2798	61.48709746
2799	-61.48709746
2800	35.73550121
2801	-35.73550121
2802	8.394691094
2803	-8.394691094
2804	64.1732401
2805	-64.1732401
2806	76.95808075
2807	-76.95808075
2808	96.31614924
2809	-96.31614924
2810	37.21743393
2811	-37.21743393
2812	32.94773377
2813	-32.94773377
2814	2.603765653
2815	-2.603765653
2816	47.27701069
2817	-47.27701069
2818	72.99647758
2819	-72.99647758
2820	89.13232471
2821	-89.13232471
2822	61.48086049
2823	-45.48086049
2824	21.31579825
2825	-6.315798249
2826	76.97457715
2827	-62.97457715
2828	19.95443761
2829	-5.954437614
2830	61.04665645
2831	-47.04665645
2832	61.43162757
2833	-47.43162757
2834	98.99769399
2835	-84.99769399
2836	69.59035063
2837	-55.59035063
2838	62.92507941
2839	-48.92507941
2840	27.93565117
2841	-13.93565117
2842	56.40655194
2843	-42.40655194
2844	30.89224604
2845	-16.89224604
2846	26.94181072
2847	-12.94181072
2848	20.22164587
2849	-6.221645865
2850	101.8213072
2851	-87.82130716
2852	15.46022753
2853	-1.460227533
2854	100.6276715
2855	-86.62767148
2856	68.02328312
2857	-54.02328312
2858	23.30230086
2859	-9.302300856
2860	13.66157311
2861	0.338426891
2862	96.50507857
2863	-82.50507857
2864	39.64400682
2865	-25.64400682
2866	25.60359157
2867	-11.60359157
2868	21.72173531
2869	-7.721735306
2870	87.32977997
2871	-73.32977997
2872	45.02140594
2873	-31.02140594
2874	24.25076844
2875	-10.25076844
2876	59.8715381
2877	-45.8715381
2878	23.37977848
2879	-9.379778479
2880	19.84317348
2881	-5.843173477
2882	83.84675138
2883	-69.84675138
2884	74.67160479
2885	-60.67160479
2886	54.08831557
2887	-40.08831557
2888	98.42394077
2889	-84.42394077
2890	59.26551794
2891	-45.26551794
2892	26.10321804
2893	-12.10321804
2894	12.02567232
2895	1.974327679
2896	85.28291337
2897	-71.28291337
2898	60.01016015
2899	-46.01016015
2900	16.29351918
2901	-2.293519183
2902	23.77218064
2903	-9.772180637
2904	50.40610302
2905	-36.40610302
2906	74.15739069
2907	-60.15739069
2908	11.28198143
2909	2.71801857
2910	24.63628187
2911	-10.63628187
2912	62.58486025
2913	-48.58486025
2914	103.1326924
2915	-89.1326924
2916	49.59686004
2917	-35.59686004
2918	64.64026231
2919	-50.64026231
2920	52.08140851
2921	-38.08140851
2922	93.18479798
2923	-79.18479798
2924	15.63369391
2925	-1.63369391
2926	45.05500675
2927	-31.05500675
2928	92.56394152
2929	-78.56394152
2930	78.56151932
2931	-64.56151932
2932	78.85229037
2933	-64.85229037
2934	106.0119994
2935	-92.01199936
2936	68.51122862
2937	-54.51122862
2938	103.9463623
2939	-89.94636226
2940	23.24457365
2941	-9.244573649
2942	89.58405649
2943	-75.58405649
2944	75.84787046
2945	-61.84787046
2946	41.42599238
2947	-27.42599238
2948	61.28927158
2949	-47.28927158
2950	86.45790538
2951	-72.45790538
2952	21.34089352
2953	-7.340893524
2954	25.94464948
2955	-11.94464948
2956	13.77647086
2957	0.223529139
2958	57.76099343
2959	-43.76099343
2960	57.70871701
2961	-43.70871701
2962	99.70210097
2963	-85.70210097
2964	57.93342051
2965	-43.93342051
2966	20.58069572
2967	-6.580695724
2968	73.70797865
2969	-59.70797865
2970	27.58568632
2971	-13.58568632
2972	19.91987007
2973	-5.919870071
2974	100.7062801
2975	-86.7062801
2976	56.2229854
2977	-42.2229854
2978	97.06418086
2979	-83.06418086
2980	27.94837132
2981	-13.94837132
2982	23.48186442
2983	-9.481864416
2984	13.64132269
2985	0.358677314
2986	80.56740259
2987	-66.56740259
2988	16.3655755
2989	-2.365575504
2990	78.22463382
2991	-64.22463382
2992	51.52431504
2993	-37.52431504
2994	11.55475471
2995	2.445245287
2996	36.63295023
2997	-22.63295023
2998	97.53942742
2999	-83.53942742
3000	38.28085258
3001	-35.28085258
3002	-3.469955938
3003	-4.530044062
3004	64.22930604
3005	-70.22930604
3006	76.86313146
3007	-82.86313146
3008	96.44100403
3009	-102.441004
3010	87.09372387
3011	-93.09372387
3012	37.46651082
3013	-43.46651082
3014	15.72096504
3015	-21.72096504
3016	22.43859066
3017	-28.43859066
3018	33.77344178
3019	-39.77344178
3020	48.30576985
3021	-54.30576985
3022	71.8391967
3023	-77.8391967
3024	44.71445665
3025	-50.71445665
3026	90.1849787
3027	-96.1849787
3028	75.2635515
3029	-81.2635515
3030	72.3446429
3031	-78.3446429
3032	38.29838383
3033	-44.29838383
3034	89.00963725
3035	-95.00963725
3036	87.1281621
3037	-93.1281621
3038	87.1267212
3039	-93.1267212
3040	40.78546315
3041	-46.78546315
3042	54.71224765
3043	-60.71224765
3044	70.08248804
3045	-76.08248804
3046	19.32039104
3047	-25.32039104
3048	30.17250812
3049	-36.17250812
3050	11.19763692
3051	-17.19763692
3052	71.60578974
3053	-77.60578974
3054	33.28613353
3055	-39.28613353
3056	66.46711357
3057	-72.46711357
3058	57.43556589
3059	-63.43556589
3060	17.89279565
3061	-23.89279565
3062	5.357430737
3063	-11.35743074
3064	72.70720281
3065	-78.70720281
3066	67.73534386
3067	-73.73534386
3068	57.15513685
3069	-63.15513685
3070	39.96794044
3071	-45.96794044
3072	69.68171947
3073	-75.68171947
3074	11.50076324
3075	-17.50076324
3076	35.31707417
3077	-41.31707417
3078	53.116716
3079	-59.116716
3080	17.16620488
3081	-23.16620488
3082	19.43344714
3083	-25.43344714
3084	95.28178992
3085	-101.2817899
3086	-0.640633156
3087	-5.359366844
3088	14.87679673
3089	-20.87679673
3090	66.07947519
3091	-72.07947519
3092	88.16073066
3093	-94.16073066
3094	53.61982472
3095	-59.61982472
3096	32.28645964
3097	-38.28645964
3098	76.68994072
3099	-82.68994072
3100	67.76289212
3101	-73.76289212
3102	69.27643769
3103	-75.27643769
3104	-1.673313829
3105	-4.326686171
3106	62.40380749
3107	-68.40380749
3108	43.05776228
3109	-49.05776228
3110	59.00529628
3111	-65.00529628
3112	23.27266258
3113	-29.27266258
3114	55.62556866
3115	-61.62556866
3116	44.18049014
3117	-50.18049014
3118	74.21217282
3119	-80.21217282
3120	79.67047425
3121	-85.67047425
3122	21.96118678
3123	-27.96118678
3124	66.52948589
3125	-72.52948589
3126	63.20085632
3127	-69.20085632
3128	84.01118899
3129	-90.01118899
3130	43.27790009
3131	-49.27790009
3132	93.65860141
3133	-99.65860141
3134	84.98873539
3135	-90.98873539
3136	83.15017249
3137	-89.15017249
3138	46.87726594
3139	-52.87726594
3140	68.50053577
3141	-74.50053577
3142	12.50807877
3143	-18.50807877
3144	95.84224698
3145	-101.842247
3146	68.09699837
3147	-74.09699837
3148	-2.334602655
3149	-3.665397345
3150	45.93603119
3151	-51.93603119
3152	56.26608428
3153	-62.26608428
3154	47.44544712
3155	-53.44544712
3156	95.18580334
3157	-101.1858033
3158	68.31516821
3159	-74.31516821
3160	86.55192956
3161	-92.55192956
3162	88.07334036
3163	-94.07334036
3164	78.64655241
3165	-84.64655241
3166	96.99601846
3167	-102.9960185
3168	62.80194022
3169	-68.80194022
3170	23.13431713
3171	-29.13431713
3172	34.04263346
3173	-40.04263346
3174	15.36967263
3175	-14.36967263
3176	28.25097284
3177	-20.25097284
3178	38.31605296
3179	-32.31605296
3180	10.65818824
3181	-4.658188244
3182	90.44695305
3183	-84.44695305
3184	48.62244602
3185	-42.62244602
3186	89.10312907
3187	-83.10312907
3188	57.43185266
3189	-51.43185266
3190	93.13152965
3191	-87.13152965
3192	15.59579883
3193	-9.595798835
3194	28.21226964
3195	-22.21226964
3196	38.30584811
3197	-32.30584811
3198	28.94345165
3199	-22.94345165
3200	40.78267639
3201	-34.78267639
3202	3.93676554
3203	2.06323446
3204	75.54704502
3205	-69.54704502
3206	5.459695744
3207	0.540304256
3208	26.62628746
3209	-20.62628746
3210	36.45659916
3211	-30.45659916
3212	56.48249308
3213	-50.48249308
3214	20.06892464
3215	-14.06892464
3216	36.19449364
3217	-30.19449364
3218	64.28048693
3219	-58.28048693
3220	60.4979145
3221	-54.4979145
3222	20.63531254
3223	-14.63531254
3224	21.90947178
3225	-15.90947178
3226	66.03753948
3227	-60.03753948
3228	57.33165537
3229	-51.33165537
3230	21.23906593
3231	-15.23906593
3232	28.52146138
3233	-22.52146138
3234	64.38834126
3235	-58.38834126
3236	102.5842922
3237	-96.58429219
3238	75.9342685
3239	-69.9342685
3240	76.70560223
3241	-70.70560223
3242	97.72214748
3243	-91.72214748
3244	95.02327362
3245	-89.02327362
3246	43.72834836
3247	-37.72834836
3248	67.01397272
3249	-61.01397272
3250	7.920618679
3251	-1.920618679
3252	91.26613626
3253	-85.26613626
3254	34.08988655
3255	-28.08988655
3256	98.80662264
3257	-92.80662264
3258	13.55164813
3259	-7.551648134
3260	17.89699501
3261	-11.89699501
3262	47.74635166
3263	-41.74635166
3264	84.58262705
3265	-78.58262705
3266	13.38167823
3267	-7.381678227
3268	84.13186679
3269	-78.13186679
3270	68.40389795
3271	-62.40389795
3272	102.1032068
3273	-96.10320677
3274	43.25080092
3275	-37.25080092
3276	101.9196246
3277	-95.91962458
3278	67.79620909
3279	-61.79620909
3280	31.22320777
3281	-25.22320777
3282	25.94313401
3283	-19.94313401
3284	47.69141577
3285	-41.69141577
3286	90.01119775
3287	-84.01119775
3288	75.5262498
3289	-69.5262498
3290	31.57774249
3291	-25.57774249
3292	45.77708518
3293	-39.77708518
3294	70.52322101
3295	-64.52322101
3296	9.326363589
3297	-3.326363589
3298	65.66976221
3299	-59.66976221
3300	49.95413104
3301	-43.95413104
3302	98.00739934
3303	-92.00739934
3304	75.10504156
3305	-69.10504156
3306	5.869219944
3307	0.130780056
3308	98.73103944
3309	-92.73103944
3310	7.851252112
3311	-1.851252112
3312	11.23076596
3313	-5.230765957
3314	25.05269302
3315	-19.05269302
3316	72.28486749
3317	-66.28486749
3318	26.43894869
3319	-20.43894869
3320	26.2742642
3321	-20.2742642
3322	58.565041
3323	-52.565041
3324	60.76422135
3325	-54.76422135
3326	59.62745398
3327	-53.62745398
3328	69.28708905
3329	-63.28708905
3330	55.44301198
3331	-49.44301198
3332	90.00191629
3333	-84.00191629
3334	43.34299467
3335	-37.34299467
3336	89.70139025
3337	-83.70139025
3338	85.18325239
3339	-79.18325239
3340	30.47853212
3341	-24.47853212
3342	61.85637623
3343	-55.85637623
3344	52.61548297
3345	-46.61548297
3346	23.36911857
3347	-17.36911857
3348	54.44579095
3349	-48.44579095
3350	98.41566685
3351	-100.4156668
3352	50.93434842
3353	-52.93434842
3354	49.96376144
3355	-51.96376144
3356	15.09450303
3357	-17.09450303
3358	82.98064082
3359	-84.98064082
3360	59.81991228
3361	-61.81991228
3362	42.44123724
3363	-44.44123724
3364	67.08945802
3365	-69.08945802
3366	18.46436376
3367	-20.46436376
3368	12.61640625
3369	-14.61640625
3370	98.19078463
3371	-100.1907846
3372	4.351853121
3373	-6.351853121
3374	85.84938263
3375	-87.84938263
3376	13.29958671
3377	-15.29958671
3378	4.031095165
3379	-6.031095165
3380	-0.857711402
3381	-1.142288598
3382	28.56437242
3383	-30.56437242
3384	25.47412511
3385	-27.47412511
3386	80.52778315
3387	-82.52778315
3388	83.03957155
3389	-85.03957155
3390	34.84054609
3391	-36.84054609
3392	64.54627028
3393	-66.54627028
3394	13.93589752
3395	-15.93589752
3396	86.70999543
3397	-88.70999543
3398	15.80937624
3399	-17.80937624
3400	18.77576064
3401	-20.77576064
3402	5.626776214
3403	-7.626776214
3404	36.2061496
3405	-38.2061496
3406	17.43526814
3407	-19.43526814
3408	39.2432727
3409	-41.2432727
3410	94.74789552
3411	-96.74789552
3412	2.638621973
3413	-4.638621973
3414	10.44732473
3415	-12.44732473
3416	45.77880024
3417	-47.77880024
3418	68.79131921
3419	-70.79131921
3420	55.4938191
3421	-57.4938191
3422	22.89830874
3423	-24.89830874
3424	0.550549671
3425	-2.550549671
3426	89.58820416
3427	-91.58820416
3428	38.75389416
3429	-40.75389416
3430	37.07752445
3431	-39.07752445
3432	30.31841736
3433	-32.31841736
3434	51.48155013
3435	-53.48155013
3436	21.6985467
3437	-23.6985467
3438	66.06959032
3439	-68.06959032
3440	66.72138388
3441	-68.72138388
3442	91.5348079
3443	-93.5348079
3444	79.59549182
3445	-81.59549182
3446	75.72160473
3447	-77.72160473
3448	53.80601255
3449	-55.80601255
3450	59.3402425
3451	-61.3402425
3452	79.06264112
3453	-81.06264112
3454	42.26058805
3455	-44.26058805
3456	77.44575335
3457	-79.44575335
3458	20.78613699
3459	-22.78613699
3460	57.28664876
3461	-59.28664876
3462	92.41978925
3463	-94.41978925
3464	45.764477
3465	-47.764477
3466	61.29358812
3467	-63.29358812
3468	7.3636954
3469	-9.3636954
3470	7.551093052
3471	-9.551093052
3472	60.38318468
3473	-62.38318468
3474	68.53493316
3475	-70.53493316
3476	13.58835343
3477	-15.58835343
3478	11.7263081
3479	-13.7263081
3480	52.06842563
3481	-54.06842563
3482	94.30896215
3483	-96.30896215
3484	19.07594916
3485	-21.07594916
3486	94.87560806
3487	-96.87560806
3488	52.57914309
3489	-54.57914309
3490	8.126049409
3491	-10.12604941
3492	37.1288794
3493	-39.1288794
3494	2.779740537
3495	-4.779740537
3496	1.883347602
3497	-3.883347602
3498	82.78398101
3499	-84.78398101
3500	38.16047743
3501	-40.16047743
3502	92.42488137
3503	-94.42488137
3504	68.27134217
3505	-70.27134217
3506	72.27629439
3507	-74.27629439
3508	3.621178805
3509	-5.621178805
3510	35.9357552
3511	-37.9357552
3512	57.45685716
3513	-59.45685716
3514	98.07119954
3515	-100.0711995
3516	71.56436385
3517	-73.56436385
3518	90.23450465
3519	-92.23450465
3520	38.50168711
3521	-40.50168711
3522	66.50416229
3523	-68.50416229
3524	34.55910158
3525	-36.55910158
3526	89.19010266
3527	-91.19010266
3528	96.61180868
3529	-98.61180868
3530	51.63787525
3531	-59.63787525
3532	50.54937374
3533	-64.54937374
3534	84.19376778
3535	-98.19376778
3536	27.26794064
3537	-41.26794064
3538	24.01208338
3539	-38.01208338
3540	68.44671249
3541	-82.44671249
3542	10.37617862
3543	-24.37617862
3544	88.14665471
3545	-102.1466547
3546	-2.985459463
3547	-11.01454054
3548	77.914794
3549	-91.914794
3550	33.27154631
3551	-47.27154631
3552	-5.811805521
3553	-8.188194479
3554	58.34467752
3555	-72.34467752
3556	27.33586174
3557	-41.33586174
3558	7.847076491
3559	-21.84707649
3560	1.59960454
3561	-15.59960454
3562	77.98042005
3563	-91.98042005
3564	12.21910533
3565	-26.21910533
3566	8.940928529
3567	-22.94092853
3568	89.97934468
3569	-103.9793447
3570	67.27234603
3571	-81.27234603
3572	46.13731908
3573	-60.13731908
3574	4.95426374
3575	-18.95426374
3576	41.30027496
3577	-55.30027496
3578	29.94601217
3579	-43.94601217
3580	81.69948676
3581	-95.69948676
3582	0.722345659
3583	-14.72234566
3584	82.64037258
3585	-96.64037258
3586	-0.842966967
3587	-13.15703303
3588	41.83825565
3589	-55.83825565
3590	20.71160536
3591	-34.71160536
3592	49.76480967
3593	-63.76480967
3594	-2.20981902
3595	-11.79018098
3596	90.68547998
3597	-104.68548
3598	22.93002765
3599	-36.93002765
3600	12.13593502
