i	DJIA_DAY(i)=(high(i)-low(i))*vol(i) [$ in billions]
1	6.809316
2	9.7507014
3	12.1169054
4	5.1066438
5	7.4784171
6	6.7721013
7	12.7122219
8	7.5652032
9	16.268356
10	11.0361264
11	14.8110666
12	10.3247268
13	10.0782552
14	7.11018
15	10.5593253
16	10.1582385
17	8.2186929
18	13.968437
19	8.8913208
20	8.330115
21	8.0633094
22	11.0063268
23	12.353408
24	31.1936422
25	11.2627182
26	11.723893
27	12.1677038
28	10.054742
29	5.8471921
30	11.6897788
31	10.2860472
32	12.3593729
33	18.7490208
34	12.4663767
35	14.7211222
36	10.5903564
37	12.608268
38	11.411694
39	12.389664
40	11.9840595
41	10.5865056
42	9.194791
43	10.2580236
44	12.7464164
45	12.2949588
46	12.211041
47	12.340396
48	9.7968834
49	9.5506164
50	12.3537435
51	13.3024624
52	11.3457816
53	7.8447328
54	8.718375
55	8.3679552
56	10.987665
57	8.920773
58	13.3655676
59	10.343607
60	16.5731024
61	8.710338
62	4.8107338
63	12.936678
64	13.8549798
65	11.0433276
66	11.96955
67	11.6115546
68	10.055563
69	10.128789
70	11.3702112
71	12.1535964
72	7.242378
73	8.3295189
74	11.960346
75	15.554813
76	14.7737037
77	23.7602524
78	12.200124
79	15.1100284
80	13.1179692
81	3.4486404
82	7.885992
83	14.7767256
84	7.6508307
85	7.6202463
86	10.573056
87	14.1659895
88	15.20601514
89	25.2242794
90	15.3974106
91	11.9671365
92	13.7018475
93	14.0984508
94	18.5345238
95	18.7755662
96	10.1654826
97	16.97810766
98	12.731037
99	13.001322
100	19.64774893
101	23.3432092
102	18.51258705
103	16.2307056
104	14.637904
105	10.8783204
106	10.36431
107	14.91106411
108	25.7240018
109	25.743464
110	22.9775264
111	15.3896105
112	12.688281
113	14.6329872
114	15.090966
115	12.53076
116	34.36997569
117	18.5442144
118	31.11178339
119	23.71292
120	21.88046352
121	24.63416527
122	17.9274318
123	15.2280696
124	14.0449168
125	15.8633515
126	19.4518296
127	18.53750211
128	11.8482452
129	18.4260128
130	20.770464
131	15.0485244
132	16.4776183
133	14.1581584
134	15.2742234
135	9.1624095
136	9.3515035
137	11.759304
138	14.2273884
139	13.81213815
140	12.404331
141	11.715588
142	19.4710482
143	13.9822368
144	12.1945845
145	11.1238785
146	13.8691352
147	16.53432966
148	10.7787165
149	30.57408329
150	17.4724886
151	22.533992
152	18.41145961
153	20.29829535
154	15.9893799
155	17.50242352
156	14.9463072
157	16.896045
158	18.6330696
159	15.3384228
160	27.49023688
161	22.820239
162	27.41985401
163	16.2147421
164	20.4361624
165	19.804558
166	19.6938502
167	16.73392
168	15.0430934
169	13.3664472
170	14.2794582
171	15.6018768
172	14.4948004
173	12.251636
174	15.324479
175	13.1830832
176	15.4993216
177	16.768401
178	13.0198068
179	10.1409648
180	15.509124
181	36.2999442
182	18.6479284
183	18.0004488
184	10.7409575
185	10.6358901
186	16.54703917
187	17.73274856
188	12.4255578
189	13.6045387
190	13.1127704
191	15.26583255
192	10.52946
193	14.0997043
194	11.7346359
195	12.6133695
196	17.7041464
197	14.480048
198	10.8334512
199	14.1917482
200	17.79027
201	12.2135233
202	18.46272
203	12.2582565
204	14.5829907
205	19.0246362
206	14.8782435
207	8.3288194
208	13.4021024
209	14.76324415
210	14.1600144
211	16.0067124
212	9.531985
213	13.8278008
214	13.1749668
215	19.81218842
216	12.4990594
217	10.3036483
218	12.5674648
219	15.73824362
220	17.54647859
221	17.277777
222	13.0600932
223	18.53000442
224	15.87963091
225	13.1155602
226	13.596804
227	9.6702568
228	18.296005
229	17.31391898
230	16.2073296
231	16.6365238
232	12.2976844
233	14.5825966
234	11.4421896
235	12.627297
236	10.4449145
237	13.65777
238	13.4940112
239	15.2974933
240	19.61408147
241	10.0625278
242	13.4488692
243	14.9710228
244	19.2395512
245	15.00089538
246	14.620576
247	10.98625
248	15.508403
249	16.1860024
250	15.234744
251	9.7560036
252	8.8992694
253	10.9525956
254	11.2301832
255	12.9986974
256	9.4203048
257	12.955275
258	17.563524
259	15.3603264
260	16.06742495
261	11.636075
262	12.646518
263	20.89722066
264	11.360962
265	20.86392
266	14.7838332
267	27.488514
268	17.5225344
269	15.0005052
270	15.0550928
271	12.2508984
272	11.4895704
273	15.98661238
274	15.5676644
275	16.2932641
276	12.0516252
277	18.60504019
278	14.01420141
279	13.1228982
280	14.6348872
281	8.3443045
282	11.6542755
283	15.77422373
284	27.4882758
285	25.0638917
286	26.33923312
287	20.753992
288	17.08389719
289	19.6137662
290	25.8605376
291	19.7132763
292	18.60541565
293	16.10981402
294	16.7508442
295	15.04639681
296	13.1650626
297	20.953625
298	26.09957312
299	23.40986456
300	26.268093
301	12.1420884
302	18.58698803
303	18.93162443
304	17.80943429
305	19.1437632
306	13.1163175
307	21.3211572
308	28.6677276
309	22.6896824
310	21.50480946
311	19.64831708
312	13.890429
313	12.8253343
314	3.8325456
315	18.36429248
316	17.03477156
317	17.16200893
318	13.1081981
319	13.2186004
320	14.95180098
321	16.44431548
322	19.7701002
323	15.66968843
324	13.2462866
325	17.7835598
326	16.29396105
327	28.73791601
328	17.7346722
329	22.770751
330	12.585162
331	15.04901762
332	14.9242632
333	11.87329
334	9.328688
335	9.4913408
336	14.68886843
337	9.0839868
338	9.9400664
339	20.3847644
340	25.918976
341	28.37012873
342	26.6050816
343	20.5739344
344	22.30040088
345	18.9984221
346	20.72302193
347	15.6469304
348	18.70318038
349	14.7500992
350	19.95900017
351	21.99206197
352	17.90985958
353	20.0703734
354	19.467733
355	24.0448276
356	21.6064872
357	25.838505
358	16.392879
359	21.17058695
360	19.33125036
361	19.9053696
362	19.9764635
363	46.2115494
364	28.81237842
365	24.7130406
366	23.03074521
367	23.11366637
368	13.8952374
369	16.3677861
370	18.13128995
371	17.29268756
372	27.74984961
373	18.2347289
374	15.018696
375	18.13903324
376	24.6093744
377	15.6353384
378	15.1386977
379	22.95857329
380	37.39862114
381	22.5947844
382	21.06234792
383	16.4751102
384	17.61830195
385	17.52595079
386	23.59535458
387	20.05695394
388	15.15432
389	20.2857086
390	18.2834038
391	21.17923711
392	33.8036112
393	14.744444
394	15.73131041
395	17.534206
396	22.128792
397	20.2707073
398	21.1813056
399	24.92368822
400	41.5981904
401	52.0537484
402	38.668111
403	26.83066453
404	23.91236
405	20.3190272
406	19.3102608
407	16.8548058
408	15.6235625
409	24.3137249
410	18.65931551
411	21.08345159
412	23.41527562
413	33.3657288
414	42.5223054
415	34.4747352
416	20.49566121
417	22.5404312
418	18.25465061
419	27.180216
420	19.32558675
421	25.19177774
422	19.12095016
423	16.0978352
424	14.2214778
425	22.40117463
426	16.1911498
427	16.9993626
428	19.060154
429	15.82065907
430	16.1198765
431	15.4161292
432	25.3195152
433	26.6606224
434	22.836736
435	19.7534456
436	14.7763575
437	22.1763676
438	14.603134
439	15.9351594
440	9.041855
441	12.533928
442	18.86033688
443	15.93548644
444	16.20795204
445	16.3427664
446	12.9965784
447	15.20128
448	14.0039406
449	13.1441184
450	16.2464171
451	20.40337163
452	17.8756698
453	15.1118352
454	21.429426
455	12.5914672
456	24.53170629
457	13.6151842
458	17.158512
459	23.030069
460	22.7525067
461	19.9702468
462	17.4299345
463	21.42297357
464	12.8871925
465	11.3733276
466	15.6585528
467	15.06538
468	16.0029432
469	14.267378
470	16.249945
471	14.4563792
472	21.13269856
473	15.7185028
474	12.3726372
475	12.8657595
476	15.4298562
477	22.8815472
478	15.1327764
479	10.4365483
480	13.5600076
481	15.075632
482	13.7049216
483	15.1843148
484	15.5475996
485	15.5534298
486	14.7937408
487	15.81939738
488	10.2884636
489	10.4285697
490	11.7463629
491	15.56647989
492	15.79703608
493	13.5577953
494	12.5019921
495	22.1363416
496	17.82207658
497	16.27724359
498	15.94218782
499	11.6826411
500	18.3022868
501	26.377767
502	17.665872
503	20.3484528
504	15.419336
505	17.1616804
506	26.86828279
507	16.091792
508	12.247059
509	11.6886818
510	17.59086516
511	16.07804413
512	16.97207287
513	13.0071888
514	15.09975308
515	18.4169868
516	21.43209548
517	24.87502097
518	17.1721264
519	23.58645584
520	28.45127182
521	19.61279357
522	19.788957
523	17.69537186
524	18.26465929
525	16.6561094
526	17.4899208
527	19.1620566
528	17.11128438
529	27.7167744
530	27.10473241
531	16.0518656
532	20.36792295
533	11.4717113
534	24.674476
535	15.68781093
536	22.281126
537	16.6017138
538	15.8882038
539	13.7189386
540	22.29355073
541	26.661936
542	18.63576334
543	24.16526
544	26.110827
545	24.3081216
546	19.51989545
547	34.39534506
548	20.47601112
549	26.1746634
550	22.7412368
551	16.5595808
552	21.5217576
553	12.4403634
554	17.131654
555	28.839675
556	14.46124762
557	11.068704
558	14.2792392
559	25.91422527
560	17.9851088
561	22.72349002
562	25.56327065
563	25.33537518
564	45.60491708
565	39.99758631
566	5.4922047
567	17.5655256
568	14.6557012
569	19.530944
570	21.3553648
571	21.1732664
572	16.6099248
573	17.49701966
574	16.21562708
575	31.5690792
576	25.014314
577	19.03533153
578	17.97822034
579	25.44285
580	21.61138364
581	28.8537768
582	13.80997919
583	17.85096928
584	28.2918263
585	23.77010772
586	10.1178792
587	10.5864534
588	13.4236326
589	13.660425
590	15.7779282
591	15.542289
592	19.67223169
593	15.9145272
594	24.25435236
595	15.28445728
596	23.8319928
597	25.9836405
598	17.2735472
599	24.1307884
600	20.719638
601	19.37360856
602	20.89479
603	18.799165
604	27.13464115
605	22.91095807
606	18.35686107
607	26.2532304
608	19.57680797
609	29.47112551
610	27.64840261
611	25.7560496
612	30.453912
613	17.98537639
614	36.79286934
615	20.9301682
616	16.74975105
617	18.61045234
618	20.3709139
619	16.10747587
620	13.8788957
621	16.2900024
622	30.7718748
623	22.70988191
624	22.7653664
625	18.2433132
626	19.6226404
627	21.742497
628	18.03471655
629	18.97931496
630	17.108624
631	26.33491286
632	20.622319
633	19.453392
634	21.39168185
635	26.43869919
636	20.198672
637	18.319531
638	29.40291
639	16.9462368
640	25.0189992
641	19.0552824
642	24.89178212
643	23.58474229
644	19.3040456
645	27.80491261
646	21.4393264
647	19.60624342
648	24.41574701
649	19.0490112
650	17.7287224
651	35.49986237
652	30.8006616
653	33.0775368
654	20.8695356
655	22.06421357
656	19.94710829
657	19.2852828
658	22.86029366
659	14.6227094
660	19.17414709
661	19.049828
662	20.96097631
663	28.52763853
664	23.9621536
665	33.5539776
666	28.5430468
667	33.04709029
668	29.0675648
669	24.57605052
670	20.13885482
671	23.17364144
672	25.03230445
673	21.96838948
674	17.9884878
675	31.47342542
676	41.9654308
677	27.116496
678	26.44090265
679	22.12674558
680	35.40665458
681	27.508107
682	33.212
683	22.200048
684	20.5134036
685	22.98425474
686	33.58759947
687	28.7703914
688	22.322496
689	28.72141983
690	35.22616144
691	25.773228
692	24.63355154
693	22.2199002
694	38.3983336
695	27.03476115
696	32.91072
697	31.2847288
698	25.19818588
699	21.42435545
700	17.5464364
701	23.7772288
702	19.11191306
703	21.9632254
704	20.36097098
705	20.3695368
706	22.8143922
707	25.32567
708	34.11173527
709	26.30176944
710	33.19190876
711	19.45899463
712	18.8832608
713	28.07866479
714	27.365261
715	25.7679686
716	28.7472888
717	6.9295773
718	32.42116265
719	39.55361441
720	52.4344306
721	31.456766
722	28.92839937
723	38.41344
724	35.07378585
725	22.59354484
726	27.8287512
727	32.11972808
728	82.46134631
729	40.6421138
730	33.89649353
731	25.5287687
732	34.30919383
733	33.6723068
734	27.25264388
735	23.8109436
736	24.06252032
737	31.59893879
738	39.15282767
739	31.21492541
740	21.39219701
741	16.7225032
742	20.84784909
743	19.12570661
744	23.7630834
745	19.997681
746	19.8788375
747	23.3635316
748	31.32262228
749	25.34389
750	20.99025918
751	25.095864
752	19.02082955
753	18.7823548
754	19.5976
755	15.4182777
756	17.6412596
757	22.14516946
758	18.9326698
759	15.68539487
760	19.8124108
761	24.018052
762	24.85324368
763	22.66125353
764	23.5787632
765	21.22263
766	24.974082
767	39.49533134
768	37.8878256
769	35.43120687
770	27.78238155
771	23.5932664
772	33.01148399
773	33.549284
774	30.80561883
775	20.92022723
776	28.16288524
777	39.93806305
778	28.81694665
779	26.10526894
780	26.00344876
781	34.29404288
782	33.34453257
783	32.78399287
784	23.26742902
785	24.6623352
786	44.27949272
787	30.0108888
788	27.83081431
789	35.66925707
790	21.4246656
791	29.452843
792	36.99785064
793	34.9652538
794	30.2904456
795	26.8029388
796	36.61751
797	50.12502585
798	57.01645967
799	42.9733408
800	26.2660392
801	32.44832788
802	30.99403799
803	34.92458541
804	28.9882248
805	25.79355916
806	25.1030208
807	36.65336597
808	34.41306
809	22.49820571
810	25.88236422
811	34.24039145
812	38.81628194
813	42.47901522
814	37.7488235
815	28.03787005
816	41.4951264
817	45.935905
818	5.5470909
819	28.565636
820	40.620241
821	31.65132167
822	48.32412296
823	37.16824749
824	40.3905268
825	47.03692
826	36.36931639
827	32.881842
828	27.80475
829	35.34060435
830	32.8235739
831	42.2475984
832	54.5759544
833	52.22233042
834	49.73678057
835	2.3850296
836	55.18328648
837	43.4115898
838	23.958608
839	16.7004585
840	17.40663
841	20.31982793
842	25.8717024
843	44.0767054
844	51.33595825
845	74.4419934
846	48.32251227
847	3.532756
848	57.755638
849	75.32936703
850	39.580016
851	43.768944
852	26.5488678
853	49.006605
854	48.0600944
855	60.53510185
856	63.2950524
857	48.46137
858	41.87027291
859	57.3132778
860	52.40254655
861	41.104049
862	33.20836054
863	56.19563894
864	56.1268787
865	47.36118436
866	43.703081
867	43.2648528
868	52.18528
869	44.63493426
870	56.10820421
871	61.949908
872	45.1114146
873	50.7241152
874	41.60114928
875	45.0165348
876	41.37117301
877	48.48709966
878	46.269906
879	62.73924953
880	65.15783285
881	46.88533342
882	51.11379
883	61.79502221
884	55.17344555
885	70.3495308
886	56.08109015
887	43.473578
888	49.0397544
889	40.45430942
890	118.869163
891	80.869545
892	71.8322424
893	46.5567434
894	61.93837191
895	55.71574442
896	57.955089
897	59.69646
898	54.7752926
899	39.0018596
900	30.10624746
901	40.141374
902	42.20549241
903	43.4475832
904	36.9674841
905	54.82729302
906	42.2156392
907	44.5108144
908	36.0368502
909	39.89277
910	43.88658999
911	48.87599263
912	70.89713389
913	81.85952462
914	54.64669422
915	33.66369874
916	45.85230812
917	71.259336
918	44.24668871
919	38.87661727
920	37.4765034
921	39.41119001
922	52.8469446
923	50.976816
924	40.57099709
925	33.18513534
926	32.83233074
927	38.7342726
928	54.4132064
929	50.33213784
930	49.2850348
931	38.73150179
932	78.579956
933	46.45117774
934	34.97640919
935	41.9328684
936	44.3910204
937	45.15962311
938	39.2501293
939	42.1672964
940	46.6466
941	39.49459466
942	48.98472725
943	55.67409994
944	30.64057499
945	40.3663508
946	38.55290692
947	41.7635064
948	34.56295657
949	23.99671571
950	31.3696104
951	33.1597848
952	51.681112
953	66.51776279
954	28.1762052
955	44.62533296
956	34.92094621
957	36.5730876
958	30.15663724
959	22.48817639
960	28.26925049
961	35.70641731
962	45.1336698
963	43.2454574
964	27.37488
965	35.901959
966	33.6968136
967	40.15242
968	46.4014698
969	38.69979929
970	39.41692
971	31.4268596
972	15.7534107
973	37.6087392
974	31.234704
975	47.62519231
976	79.40290564
977	42.75844882
978	84.202069
979	18.3392795
980	72.03382994
981	70.3766518
982	39.54606525
983	32.445249
984	56.648513
985	72.79294882
986	46.03609022
987	36.756995
988	23.3300616
989	34.1806273
990	39.407634
991	53.11474754
992	45.136368
993	24.548476
994	29.93292372
995	37.6318662
996	28.46186854
997	30.3846752
998	37.52595378
999	34.72462753
1000	27.69742209
1001	22.1711391
1002	25.72892878
1003	18.9269888
1004	25.8957576
1005	30.0647958
1006	35.31752659
1007	25.40774358
1008	21.75454024
1009	20.1030648
1010	20.5047548
1011	32.545512
1012	22.8433758
1013	40.6659388
1014	25.72847843
1015	27.80842543
1016	38.69635048
1017	29.38350809
1018	32.1454224
1019	30.3916032
1020	30.2425206
1021	41.3689756
1022	41.6833536
1023	44.59362891
1024	32.42205
1025	36.1233054
1026	44.1922536
1027	27.647016
1028	55.31923492
1029	45.78081012
1030	49.65625339
1031	34.9808584
1032	35.1443364
1033	45.71709924
1034	33.95162697
1035	32.6979
1036	49.4513646
1037	30.50949878
1038	44.42935003
1039	37.90415852
1040	31.64734478
1041	34.5355586
1042	29.3986
1043	58.1573558
1044	49.6806937
1045	51.00864621
1046	51.1240016
1047	55.93773546
1048	40.72572219
1049	51.41552574
1050	52.93685748
1051	34.2530188
1052	42.60594958
1053	51.44684915
1054	43.39613851
1055	52.79708
1056	49.96319002
1057	40.57688413
1058	47.5708472
1059	71.2166
1060	54.49937676
1061	38.5342096
1062	33.3748884
1063	54.2887826
1064	47.4199488
1065	56.74855089
1066	72.566065
1067	42.8615264
1068	48.554098
1069	55.854422
1070	43.4427837
1071	50.30461227
1072	58.0957824
1073	68.9865778
1074	40.9740188
1075	9.2066625
1076	46.8911484
1077	79.6383264
1078	71.1187776
1079	61.83265135
1080	83.6235856
1081	46.07457557
1082	52.8741424
1083	69.15974516
1084	89.637502
1085	68.574657
1086	71.922892
1087	76.7439792
1088	63.11178698
1089	77.51387014
1090	99.61671673
1091	38.2722872
1092	13.1418412
1093	25.157444
1094	24.5891128
1095	35.8488138
1096	63.6258016
1097	89.13471968
1098	67.63747801
1099	73.81514422
1100	75.38847988
1101	78.30785685
1102	87.19864119
1103	106.2953116
1104	55.879884
1105	67.103868
1106	68.68969369
1107	69.88530822
1108	70.1554608
1109	51.01964195
1110	93.432844
1111	65.76585042
1112	157.1276589
1113	91.3028564
1114	66.9041184
1115	114.4250292
1116	69.24132492
1117	65.5566912
1118	82.37395128
1119	57.982452
1120	61.40156466
1121	121.0848616
1122	71.5935582
1123	85.97223794
1124	64.60783219
1125	63.02391931
1126	74.64775608
1127	89.1099363
1128	68.2847368
1129	65.3181369
1130	68.55420211
1131	71.4161998
1132	55.23705065
1133	83.8236841
1134	86.87628686
1135	113.7452048
1136	66.87825079
1137	80.003272
1138	69.321231
1139	91.07553209
1140	69.059925
1141	65.08034143
1142	61.02798082
1143	62.418057
1144	65.10899789
1145	60.176952
1146	86.7267772
1147	71.3126232
1148	91.0882192
1149	73.092059
1150	80.842256
1151	67.8214484
1152	80.45504846
1153	84.49578851
1154	74.200544
1155	72.712214
1156	125.6866161
1157	117.1461512
1158	95.44839324
1159	76.57576474
1160	80.31407012
1161	100.5675827
1162	59.12883908
1163	66.22556125
1164	63.774375
1165	55.4358618
1166	76.0156428
1167	69.717384
1168	85.32441021
1169	101.1058258
1170	75.6194136
1171	62.486255
1172	69.046767
1173	116.51185
1174	76.20647799
1175	89.3537764
1176	60.36665383
1177	54.54682636
1178	97.16020316
1179	95.1013878
1180	69.2917938
1181	84.4461342
1182	105.1845414
1183	96.920824
1184	91.0154556
1185	105.0400392
1186	71.1468772
1187	74.01369182
1188	68.4145744
1189	72.4163136
1190	63.0638952
1191	68.003166
1192	46.0830928
1193	95.8687406
1194	90.02072774
1195	59.1141124
1196	50.86515105
1197	63.08473831
1198	69.6603796
1199	61.15572
1200	97.7704
1201	60.63192823
1202	81.6825152
1203	63.50250612
1204	61.39201823
1205	89.8280568
1206	63.38742262
1207	74.0354202
1208	81.0013858
1209	101.8073021
1210	83.87248227
1211	48.7276136
1212	83.76472013
1213	67.8502852
1214	73.59300079
1215	88.03923016
1216	110.8277002
1217	99.90728855
1218	130.8054064
1219	86.2520324
1220	78.3424066
1221	110.3706807
1222	102.0410699
1223	87.60349014
1224	54.9131008
1225	92.576291
1226	92.44625469
1227	148.573546
1228	97.52102486
1229	73.17731466
1230	82.7395496
1231	115.6349994
1232	121.9488573
1233	142.2104964
1234	134.2297938
1235	90.82477
1236	129.3702875
1237	107.4692032
1238	117.641547
1239	84.6723662
1240	79.2783468
1241	99.66171666
1242	88.8575482
1243	92.3805756
1244	115.8711786
1245	74.67
1246	64.11033645
1247	96.886584
1248	104.4976052
1249	118.0421309
1250	95.947915
1251	102.8728426
1252	133.5256783
1253	97.7054274
1254	125.9144259
1255	133.3194752
1256	93.14995633
1257	87.05209267
1258	104.31096
1259	96.40352
1260	70.92454962
1261	70.51476361
1262	90.53591694
1263	95.89836
1264	61.62292318
1265	124.1873416
1266	78.9383516
1267	82.74991687
1268	100.167336
1269	58.93343252
1270	77.102766
1271	94.1343732
1272	108.7132872
1273	106.1691096
1274	71.09843973
1275	153.6412311
1276	97.48209114
1277	107.9414399
1278	95.034624
1279	92.824281
1280	85.14345999
1281	127.5147122
1282	84.0385368
1283	59.1955276
1284	79.909479
1285	85.55175466
1286	102.7599835
1287	68.2040216
1288	152.9313582
1289	70.8340104
1290	87.97297605
1291	108.088549
1292	81.037704
1293	64.7980056
1294	43.998748
1295	90.85915035
1296	65.64482418
1297	158.7807753
1298	139.0517931
1299	92.808184
1300	105.3922898
1301	112.5447376
1302	127.8068471
1303	223.3197481
1304	393.532208
1305	742.1176659
1306	197.8444887
1307	163.3570765
1308	136.9489675
1309	130.6356494
1310	94.16084018
1311	92.1040176
1312	84.10685393
1313	105.9592879
1314	81.7211298
1315	35.5193598
1316	125.2042328
1317	138.4302528
1318	129.4280208
1319	96.98556418
1320	86.2936038
1321	97.82528
1322	103.3958211
1323	107.57266
1324	84.3799404
1325	102.480982
1326	70.1043098
1327	16.4074946
1328	132.9945972
1329	93.1182756
1330	126.5897055
1331	114.8354445
1332	129.3551805
1333	67.9142232
1334	81.78062727
1335	118.1692949
1336	115.784485
1337	110.3412544
1338	110.329437
1339	111.9108728
1340	117.4238909
1341	130.0431565
1342	250.151484
1343	96.36967491
1344	106.624644
1345	38.1654702
1346	16.825238
1347	54.0965412
1348	85.23468
1349	75.7787976
1350	57.1878737
1351	130.330809
1352	103.049694
1353	128.345774
1354	131.9148857
1355	225.1725117
1356	221.9557285
1357	116.9693906
1358	100.838252
1359	86.61509806
1360	106.8308544
1361	136.6890355
1362	104.5123656
1363	126.4367604
1364	130.1866196
1365	101.912688
1366	144.9895918
1367	159.0160951
1368	99.1228428
1369	106.0411289
1370	123.424128
1371	126.381112
1372	95.27949858
1373	125.3858835
1374	87.13366155
1375	79.87607956
1376	140.271816
1377	86.1433774
1378	125.5184996
1379	78.3122068
1380	89.65354093
1381	106.88022
1382	79.13334255
1383	93.41207903
1384	87.53302366
1385	90.812026
1386	90.62041287
1387	106.0933248
1388	109.4786536
1389	130.9869497
1390	102.815244
1391	99.992256
1392	103.3861022
1393	118.3724907
1394	111.8900227
1395	87.3692592
1396	92.54892692
1397	88.47948156
1398	101.26732
1399	102.7031724
1400	121.9667456
1401	107.4877014
1402	87.6242128
1403	136.8770973
1404	114.0218129
1405	89.3255284
1406	146.29041
1407	97.79311832
1408	116.1701958
1409	87.234012
1410	142.5789591
1411	148.8185567
1412	132.2043507
1413	123.9560316
1414	132.8281691
1415	140.8596
1416	124.3630642
1417	93.67112706
1418	133.725312
1419	126.741379
1420	159.2123558
1421	157.5431604
1422	136.8244575
1423	129.7335678
1424	134.3104756
1425	141.8005183
1426	135.8635233
1427	141.1736383
1428	157.8874132
1429	150.95457
1430	114.1006727
1431	138.452224
1432	114.2407079
1433	97.71709833
1434	110.6445784
1435	125.2626474
1436	109.5076992
1437	108.9326567
1438	104.3667156
1439	115.1843133
1440	98.05363159
1441	109.7880977
1442	117.4503747
1443	103.316473
1444	94.61023765
1445	122.43954
1446	105.0509274
1447	74.8924082
1448	136.3541045
1449	173.2995436
1450	105.4778733
1451	111.6510998
1452	117.1937572
1453	103.4895681
1454	117.2057744
1455	113.6403244
1456	106.5615208
1457	87.44232137
1458	92.09950749
1459	154.241667
1460	151.3081197
1461	146.0896366
1462	137.4378068
1463	150.658174
1464	176.355804
1465	94.1338492
1466	157.567417
1467	88.05657565
1468	100.5034499
1469	164.1982247
1470	144.6850089
1471	87.44640481
1472	95.03654269
1473	164.478984
1474	129.508344
1475	70.2865274
1476	88.09431774
1477	129.9833656
1478	115.1125941
1479	134.558172
1480	125.9253272
1481	95.4645728
1482	159.2062093
1483	161.2125371
1484	132.279448
1485	94.36082284
1486	113.2988173
1487	147.4231518
1488	198.281196
1489	225.11268
1490	183.997268
1491	172.7168187
1492	196.367724
1493	134.2116648
1494	156.981538
1495	192.7395488
1496	135.613236
1497	369.440106
1498	277.357604
1499	196.648928
1500	193.2896411
1501	114.6718545
1502	212.936768
1503	131.3869311
1504	169.7668732
1505	189.1966978
1506	154.0659516
1507	149.003856
1508	102.7747886
1509	117.1523928
1510	212.4414086
1511	127.4532897
1512	153.3857736
1513	163.6647312
1514	362.72197
1515	294.4495342
1516	579.2177702
1517	678.4613577
1518	291.362274
1519	301.0517441
1520	297.3333272
1521	264.532968
1522	209.4377005
1523	257.0123973
1524	302.4199228
1525	166.640944
1526	178.910986
1527	188.0824075
1528	143.4072984
1529	200.3120901
1530	216.3793252
1531	153.8647509
1532	275.8839982
1533	258.5327303
1534	205.441944
1535	174.3995769
1536	233.4723062
1537	257.7041987
1538	283.7563729
1539	333.5944512
1540	294.0384115
1541	258.0230602
1542	346.88385
1543	470.628677
1544	306.1144298
1545	159.9620134
1546	211.6377038
1547	233.040048
1548	459.37712
1549	288.720666
1550	199.104402
1551	282.228228
1552	193.9495383
1553	222.7332356
1554	142.1745908
1555	130.801302
1556	211.5906561
1557	157.5119824
1558	163.862426
1559	185.9351
1560	174.09011
1561	153.044397
1562	235.2180847
1563	205.828248
1564	144.3936848
1565	125.6486545
1566	173.8734047
1567	158.2842049
1568	144.089995
1569	120.176959
1570	128.0591141
1571	202.984768
1572	129.0273306
1573	121.27654
1574	120.880332
1575	222.8246758
1576	182.868954
1577	109.9814928
1578	35.92161
1579	188.8010428
1580	221.078596
1581	168.364004
1582	218.0823897
1583	145.4459114
1584	134.790384
1585	182.114194
1586	178.37469
1587	179.050148
1588	162.4632795
1589	190.991246
1590	205.0933434
1591	179.5032179
1592	173.42627
1593	187.205612
1594	205.758448
1595	145.4228432
1596	162.6988575
1597	35.355187
1598	104.6960576
1599	130.7638068
1600	106.6327847
1601	170.356904
1602	267.34468
1603	195.145
1604	273.4008981
1605	213.30771
1606	292.152834
1607	249.5718
1608	228.481106
1609	327.1241812
1610	261.290272
1611	205.6863238
1612	261.8935657
1613	294.0445516
1614	287.30169
1615	228.2410873
1616	201.8450459
1617	260.332488
1618	290.645884
1619	212.420688
1620	261.36334
1621	196.764316
1622	209.6332779
1623	243.0446761
1624	284.42976
1625	275.69152
1626	196.693736
1627	210.34144
1628	174.773578
1629	273.04826
1630	190.8540088
1631	177.4043136
1632	209.8710591
1633	165.844736
1634	148.722
1635	220.6441552
1636	183.0273595
1637	238.47872
1638	182.2000171
1639	221.241508
1640	175.966228
1641	209.432976
1642	176.2360575
1643	214.2408101
1644	201.6366913
1645	149.129874
1646	217.4571003
1647	189.2338702
1648	226.227144
1649	217.02024
1650	160.027632
1651	154.4101906
1652	174.5260844
1653	236.37795
1654	276.4223497
1655	137.537472
1656	246.5297213
1657	194.9397422
1658	196.293102
1659	157.592448
1660	188.2464381
1661	162.44307
1662	259.062813
1663	154.50534
1664	177.060226
1665	184.8813825
1666	250.340896
1667	256.7914553
1668	188.7782736
1669	277.650352
1670	221.1972933
1671	471.83024
1672	515.0285518
1673	334.1167157
1674	723.017328
1675	391.391026
1676	361.9924
1677	351.2751151
1678	244.2452505
1679	223.46832
1680	294.4125784
1681	366.2807667
1682	343.722964
1683	438.74087
1684	309.962914
1685	329.1976913
1686	314.435846
1687	317.866494
1688	242.2290155
1689	229.4149015
1690	253.3132073
1691	319.6088474
1692	249.42969
1693	210.712656
1694	198.7715496
1695	255.319726
1696	213.1246525
1697	185.695614
1698	169.294962
1699	268.2279384
1700	268.2145584
1701	350.079016
1702	293.11825
1703	195.0724948
1704	261.744964
1705	222.6588
1706	181.583864
1707	232.1991193
1708	197.9149085
1709	193.924516
1710	177.9456
1711	203.2567109
1712	249.348166
1713	185.236368
1714	167.177034
1715	221.724776
1716	205.7551524
1717	207.3171427
1718	189.12397
1719	172.1821073
1720	181.881572
1721	229.737504
1722	151.0082388
1723	167.856636
1724	218.1055865
1725	517.0369304
1726	265.687868
1727	128.7944753
1728	194.7709384
1729	205.917712
1730	253.24994
1731	163.79566
1732	155.3506497
1733	194.3408
1734	180.0198414
1735	197.019656
1736	164.8214136
1737	161.6808803
1738	250.208652
1739	217.6070739
1740	265.341317
1741	161.3149674
1742	162.9568537
1743	177.36719
1744	165.3669073
1745	190.9154831
1746	223.243032
1747	193.5204363
1748	203.256872
1749	249.9002629
1750	315.8614822
1751	217.735296
1752	193.6911241
1753	272.166376
1754	224.006988
1755	208.447392
1756	157.4585807
1757	146.5119025
1758	149.7512469
1759	163.865172
1760	155.751288
1761	157.841664
1762	174.841164
1763	197.1769056
1764	278.945898
1765	186.66678
1766	156.3020051
1767	183.4297508
1768	304.7401937
1769	162.340686
1770	174.6883121
1771	154.751088
1772	201.106586
1773	210.672824
1774	209.9900347
1775	204.2675169
1776	170.8040063
1777	180.2242571
1778	230.3246056
1779	209.876
1780	220.7584552
1781	115.2756
1782	249.9711952
1783	230.898426
1784	341.550536
1785	261.412328
1786	231.822588
1787	292.943444
1788	247.17
1789	304.740672
1790	284.875094
1791	255.3529938
1792	316.7592465
1793	281.728392
1794	212.024414
1795	286.9296108
1796	154.5038115
1797	228.4310594
1798	264.7776753
1799	307.932741
1800	342.389268
1801	275.8036668
1802	293.6369866
1803	316.414296
1804	371.5368633
1805	269.065192
1806	227.31135
1807	243.8687869
1808	325.779778
1809	373.4819635
1810	339.5002853
1811	224.61768
1812	278.5588551
1813	250.289568
1814	289.1302746
1815	250.757254
1816	234.407672
1817	255.7859726
1818	259.5866224
1819	206.3448556
1820	298.983426
1821	216.7645853
1822	283.545668
1823	256.0224
1824	293.64588
1825	245.473232
1826	268.7497548
1827	258.5948941
1828	199.784772
1829	55.3669668
1830	212.4370002
1831	339.5998764
1832	276.84228
1833	258.9332452
1834	379.81536
1835	286.279968
1836	388.5317911
1837	302.33544
1838	409.4093943
1839	312.488288
1840	347.126208
1841	317.79576
1842	398.9613443
1843	407.5274402
1844	531.2947528
1845	353.843336
1846	349.1916816
1847	254.4985
1848	221.720266
1849	252.816062
1850	204.248856
1851	165.3324297
1852	139.4410052
1853	86.11004682
1854	428.711862
1855	455.47269
1856	515.6016602
1857	529.3395185
1858	597.150228
1859	360.083416
1860	354.70734
1861	356.791314
1862	350.047488
1863	436.6186849
1864	462.253429
1865	424.557487
1866	506.7622947
1867	484.1861304
1868	727.6578537
1869	482.0053896
1870	458.2494089
1871	515.1197846
1872	510.6318718
1873	446.454712
1874	381.35394
1875	366.044184
1876	468.1044719
1877	369.2233903
1878	334.9687733
1879	327.647211
1880	387.1827732
1881	383.677356
1882	474.1400672
1883	322.1440089
1884	484.5101508
1885	369.814212
1886	434.616
1887	451.4201439
1888	426.2608
1889	363.1675273
1890	539.4114284
1891	456.139944
1892	480.566225
1893	488.33162
1894	534.8162026
1895	449.570864
1896	498.9196329
1897	494.18754
1898	731.8091312
1899	512.0690072
1900	482.8900275
1901	476.974992
1902	448.2829839
1903	439.87552
1904	804.73956
1905	854.7683135
1906	583.0151814
1907	376.809776
1908	529.4325459
1909	411.5637745
1910	525.2291626
1911	431.233648
1912	354.16508
1913	372.2363134
1914	448.3766695
1915	550.9331395
1916	544.1677616
1917	533.7973653
1918	1285.898092
1919	480.5267508
1920	385.82208
1921	343.274916
1922	383.2429896
1923	422.908704
1924	674.9195824
1925	499.78728
1926	958.405697
1927	714.242555
1928	573.4267051
1929	406.36812
1930	321.699952
1931	418.0097684
1932	536.674671
1933	430.137876
1934	416.036194
1935	366.871806
1936	366.3436681
1937	355.8659413
1938	405.782552
1939	313.364784
1940	302.626362
1941	270.792632
1942	295.689714
1943	483.253152
1944	344.430784
1945	288.209306
1946	335.90053
1947	347.0758316
1948	244.8946254
1949	217.5997946
1950	301.9109937
1951	356.15965
1952	301.0811001
1953	505.329656
1954	429.803151
1955	234.498152
1956	260.064252
1957	302.9032699
1958	343.1589306
1959	479.594616
1960	270.666536
1961	307.9749046
1962	329.388478
1963	309.9400516
1964	261.62796
1965	217.305343
1966	333.4611814
1967	295.5051348
1968	340.427126
1969	489.100324
1970	379.3164048
1971	323.117385
1972	298.044016
1973	347.4725629
1974	230.750624
1975	280.13279
1976	372.2663136
1977	343.42337
1978	337.3803203
1979	679.1692011
1980	115.916869
1981	317.848309
1982	322.8682481
1983	300.7434327
1984	228.3276967
1985	326.2123394
1986	291.679596
1987	328.185816
1988	263.214006
1989	286.36848
1990	256.65834
1991	290.335044
1992	328.972046
1993	324.8840267
1994	308.4307222
1995	300.232874
1996	423.8176319
1997	342.201888
1998	357.5628
1999	336.353534
2000	281.9291676
2001	300.2001407
2002	356.749272
2003	304.28524
2004	269.886004
2005	339.064506
2006	334.12854
2007	273.264768
2008	242.6793393
2009	238.283038
2010	234.2957764
2011	262.57552
2012	259.812408
2013	203.082936
2014	181.685544
2015	224.629592
2016	228.74202
2017	245.5967784
2018	156.193392
2019	210.609224
2020	203.379228
2021	202.545816
2022	396.372924
2023	212.4456121
2024	241.6473058
2025	330.9503686
2026	315.3698652
2027	309.66303
2028	291.4451336
2029	333.320736
2030	353.3188696
2031	303.10488
2032	438.270252
2033	346.4614885
2034	323.4276829
2035	448.86432
2036	391.3558387
2037	511.3891488
2038	368.625952
2039	460.1574514
2040	448.4887252
2041	492.7568501
2042	444.1959379
2043	417.284352
2044	455.7993347
2045	438.7906139
2046	435.0981832
2047	496.1186232
2048	231.576456
2049	383.52384
2050	581.0711384
2051	817.3161117
2052	541.0862041
2053	397.243594
2054	555.1737853
2055	865.1208998
2056	539.2255473
2057	566.2587868
2058	437.604272
2059	518.2069934
2060	518.227996
2061	567.2442938
2062	434.2267118
2063	520.553131
2064	584.450272
2065	442.509424
2066	396.5158781
2067	344.6554539
2068	326.1594218
2069	247.180531
2070	338.9415631
2071	458.7763664
2072	374.0948626
2073	483.6791763
2074	363.576436
2075	341.013288
2076	307.0488143
2077	387.720288
2078	359.160966
2079	423.8426659
2080	326.149152
2081	98.10000488
2082	328.2588449
2083	384.423416
2084	146.219644
2085	575.8942241
2086	486.302976
2087	523.0205703
2088	486.4681193
2089	673.8608856
2090	386.23848
2091	491.8811906
2092	493.332696
2093	418.9290873
2094	416.4565082
2095	377.7803366
2096	59.727686
2097	435.9674727
2098	561.6780924
2099	577.866184
2100	715.9606358
2101	443.5476841
2102	269.4274443
2103	430.0867326
2104	369.5894944
2105	367.9131614
2106	526.7860719
2107	159.0000201
2108	119.7140002
2109	712.1807
2110	458.6155282
2111	493.1624478
2112	521.9579221
2113	574.443072
2114	515.26156
2115	468.7279196
2116	505.264944
2117	532.3668764
2118	483.17106
2119	439.73592
2120	387.0733981
2121	408.81377
2122	454.79216
2123	404.08596
2124	333.3798771
2125	391.6333562
2126	475.4398533
2127	340.22708
2128	321.145888
2129	305.35872
2130	315.252192
2131	400.5401511
2132	337.009536
2133	318.7244345
2134	309.5478995
2135	364.987392
2136	352.2448758
2137	379.5788265
2138	369.340216
2139	418.2316639
2140	435.2533485
2141	567.6270763
2142	455.4209192
2143	400.676364
2144	360.2665067
2145	460.234921
2146	476.9246072
2147	525.05344
2148	247.102156
2149	274.0090621
2150	336.795515
2151	350.3844399
2152	384.1154183
2153	614.168138
2154	512.011395
2155	645.1516615
2156	381.7796497
2157	616.2971756
2158	380.8132896
2159	562.2603606
2160	559.6030713
2161	892.7302431
2162	521.6238208
2163	368.4555
2164	563.3844254
2165	443.5155293
2166	452.5059633
2167	401.428336
2168	487.3035881
2169	546.5530784
2170	555.3671025
2171	605.62728
2172	444.418776
2173	318.234204
2174	508.1244
2175	448.7921571
2176	347.69202
2177	266.1642453
2178	339.970344
2179	1133.532589
2180	445.281732
2181	415.0371709
2182	280.145916
2183	356.6291306
2184	364.462116
2185	385.722648
2186	286.1825036
2187	376.40652
2188	350.5507655
2189	399.358207
2190	287.9683611
2191	380.3256758
2192	224.69473
2193	248.1435249
2194	254.857944
2195	235.1051901
2196	229.477026
2197	171.08217
2198	242.891316
2199	672.5062997
2200	419.043072
2201	284.803288
2202	336.7263308
2203	313.58752
2204	312.387744
2205	298.2787017
2206	180.451264
2207	256.00752
2208	312.9957727
2209	275.6415376
2210	274.20225
2211	190.0444277
2212	292.467584
2213	252.9445876
2214	249.769008
2215	155.072748
2216	190.78682
2217	301.1043015
2218	264.527956
2219	336.1547253
2220	485.0386938
2221	277.533172
2222	330.2553191
2223	392.4470587
2224	519.4221453
2225	285.003672
2226	307.9523166
2227	344.6837408
2228	299.1012898
2229	407.0696272
2230	650.2312469
2231	349.8181419
2232	104.5207038
2233	199.9751032
2234	324.9986618
2235	233.5675449
2236	382.6912974
2237	424.1574352
2238	407.66136
2239	270.7895893
2240	285.393906
2241	396.5015148
2242	397.8911737
2243	372.9556089
2244	248.3244652
2245	266.3840394
2246	357.9078556
2247	393.0980678
2248	317.1556614
2249	203.1716766
2250	192.9201178
2251	310.033152
2252	316.3376136
2253	254.0642887
2254	199.1460188
2255	172.3726052
2256	197.95732
2257	297.0293689
2258	221.9552291
2259	296.6009931
2260	159.035112
2261	174.004194
2262	257.18256
2263	277.221918
2264	268.1176258
2265	217.2596857
2266	316.094352
2267	268.469252
2268	211.470866
2269	310.137048
2270	137.47019
2271	227.3093954
2272	252.6532206
2273	369.9507295
2274	207.4825428
2275	447.9425402
2276	442.7769348
2277	396.6244807
2278	477.1974827
2279	394.9417618
2280	1256.527188
2281	632.0740157
2282	1139.498757
2283	815.813264
2284	1291.408099
2285	857.7028306
2286	553.0008241
2287	470.0703139
2288	527.137133
2289	538.827862
2290	319.52808
2291	339.7590991
2292	647.5798729
2293	446.2517119
2294	408.655688
2295	244.74021
2296	295.9980394
2297	434.168168
2298	543.0280404
2299	372.7387261
2300	242.2800756
2301	290.1447373
2302	492.7750043
2303	314.853591
2304	324.52783
2305	373.3617082
2306	330.32614
2307	318.1625668
2308	475.343316
2309	320.0729468
2310	343.4882841
2311	328.7352282
2312	356.2755416
2313	438.9050053
2314	284.9850461
2315	263.6689163
2316	422.5974
2317	335.4377764
2318	391.6515833
2319	233.6356663
2320	292.016284
2321	356.0341777
2322	374.1436974
2323	322.9426279
2324	286.0297517
2325	281.1368
2326	263.7919747
2327	191.3056921
2328	73.390361
2329	217.3283157
2330	316.08808
2331	322.2260138
2332	335.0792412
2333	260.040344
2334	252.6931963
2335	312.5504174
2336	563.3425258
2337	330.6857821
2338	276.7259258
2339	311.6825332
2340	368.4604
2341	348.1744413
2342	357.6964826
2343	297.03564
2344	313.184192
2345	257.36832
2346	394.9685425
2347	340.5047177
2348	359.85642
2349	56.06672044
2350	149.6603041
2351	132.8558479
2352	140.921814
2353	165.8377
2354	276.5433751
2355	314.5006908
2356	317.3214766
2357	271.8516636
2358	260.69748
2359	381.48396
2360	283.493774
2361	273.4652422
2362	266.143296
2363	323.9937015
2364	388.8893916
2365	311.5161648
2366	267.8199646
2367	332.1627
2368	392.20988
2369	397.082016
2370	339.0593651
2371	252.527304
2372	681.20328
2373	764.398404
2374	407.9806932
2375	310.860264
2376	420.368616
2377	513.5908322
2378	405.0392544
2379	342.45208
2380	400.4027433
2381	306.9279451
2382	193.7390633
2383	263.9232609
2384	237.117644
2385	301.511336
2386	261.016471
2387	454.5053329
2388	393.576392
2389	431.4555996
2390	367.9673228
2391	333.91146
2392	404.0068494
2393	318.1872954
2394	452.3597601
2395	547.626118
2396	449.3899487
2397	375.0753472
2398	391.2919545
2399	350.93848
2400	252.7260794
2401	287.463672
2402	299.24754
2403	235.196216
2404	316.0943078
2405	255.149822
2406	241.1482623
2407	233.9424663
2408	335.911536
2409	265.3077802
2410	256.1916507
2411	295.31586
2412	224.0537799
2413	224.803364
2414	218.5136303
2415	223.9024821
2416	318.4270706
2417	235.4874457
2418	259.642489
2419	274.745044
2420	254.9989008
2421	379.7117834
2422	465.9832
2423	292.7547067
2424	250.01726
2425	355.0957535
2426	333.2648683
2427	441.0248746
2428	221.962338
2429	287.1064765
2430	332.1569623
2431	309.848848
2432	363.5083593
2433	346.8618382
2434	322.1146548
2435	469.9162625
2436	497.5253841
2437	289.19528
2438	307.6120523
2439	338.6771747
2440	319.1537805
2441	534.4116
2442	251.872836
2443	262.7282682
2444	278.6598444
2445	321.4451177
2446	326.6459853
2447	258.1182191
2448	243.576072
2449	191.08089
2450	305.967948
2451	223.1352373
2452	268.0088358
2453	178.27529
2454	226.0958777
2455	211.9137895
2456	290.9259775
2457	266.0232643
2458	437.7473756
2459	377.4734915
2460	291.3394018
2461	428.4973486
2462	337.8063969
2463	287.445819
2464	371.309624
2465	541.4993467
2466	305.316772
2467	479.1056802
2468	339.1746656
2469	223.75398
2470	328.5603431
2471	330.7624894
2472	404.31886
2473	576.3096178
2474	557.3594652
2475	126.2642295
2476	668.0291084
2477	643.4621305
2478	458.2840053
2479	488.1447271
2480	469.6915737
2481	241.069192
2482	293.944392
2483	393.1638737
2484	755.4124997
2485	790.6448144
2486	559.1340677
2487	1285.855056
2488	647.8761688
2489	934.89899
2490	578.3962667
2491	1103.866718
2492	1134.663275
2493	1018.295863
2494	2091.495434
2495	1205.197087
2496	557.1681711
2497	855.7618668
2498	589.4801077
2499	676.596204
2500	548.013363
2501	594.5679236
2502	541.0770471
2503	639.4801215
2504	520.5222
2505	644.5348595
2506	370.9370448
2507	233.2021278
2508	461.9292806
2509	741.6689591
2510	441.5812984
2511	322.4363908
2512	411.4777063
2513	262.4327536
2514	358.5850395
2515	369.0074628
2516	262.6353728
2517	262.1568118
2518	382.2014696
2519	253.8457598
2520	324.4355722
2521	222.1252206
2522	498.1277359
2523	381.5123961
2524	345.6166241
2525	272.8377226
2526	334.6801931
2527	252.952344
2528	188.546286
2529	286.126992
2530	303.6927553
2531	221.079078
2532	490.6842997
2533	405.3750527
2534	405.04872
2535	380.862432
2536	340.7311889
2537	478.6740816
2538	492.1965545
2539	471.7185
2540	500.7702684
2541	529.0445428
2542	722.831679
2543	500.8535694
2544	511.0071552
2545	713.699422
2546	499.6874299
2547	748.3114987
2548	536.5549438
2549	850.2637659
2550	702.4000861
2551	268.4831112
2552	824.1606
2553	433.9095825
2554	636.8099009
2555	380.5938726
2556	561.8122448
2557	372.303744
2558	461.8803513
2559	601.0494551
2560	354.106872
2561	441.9757215
2562	451.5368366
2563	324.7537663
2564	402.1184922
2565	431.450488
2566	456.2764069
2567	315.9386045
2568	454.847072
2569	364.2312621
2570	338.4086675
2571	251.1929556
2572	373.3593607
2573	418.2689697
2574	297.9622566
2575	281.7001136
2576	291.3425755
2577	281.9640555
2578	413.3125113
2579	703.397847
2580	344.767724
2581	315.4296
2582	324.896928
2583	399.8508455
2584	95.46372085
2585	513.825
2586	345.53206
2587	370.3884715
2588	280.8949504
2589	295.4438626
2590	271.7546
2591	263.8430489
2592	278.9566639
2593	246.6664437
2594	250.829184
2595	289.263568
2596	221.7814173
2597	268.8052059
2598	315.7634633
2599	338.8256608
2600	172.397737
2601	52.94855615
2602	141.1553313
2603	149.966016
2604	201.764772
2605	200.3057641
2606	357.254688
2607	187.93896
2608	355.8878229
2609	281.489084
2610	293.109072
2611	339.22483
2612	285.2562283
2613	244.3106166
2614	203.9442805
2615	273.8461559
2616	311.539133
2617	233.909215
2618	306.29488
2619	347.371648
2620	387.4296676
2621	434.471572
2622	342.1031826
2623	289.5000373
2624	409.0924516
2625	380.0216941
2626	373.6538477
2627	196.89232
2628	273.887888
2629	308.353032
2630	251.5379054
2631	266.034048
2632	229.1289218
2633	277.3454136
2634	217.5244795
2635	320.3037441
2636	325.3053748
2637	257.064416
2638	177.914996
2639	230.6165268
2640	296.3904496
2641	232.662976
2642	342.1560496
2643	243.694864
2644	226.8073473
2645	221.2111588
2646	228.010623
2647	213.7476709
2648	215.8574242
2649	220.99392
2650	334.4477072
2651	243.0056624
2652	265.52364
2653	300.753
2654	529.8873713
2655	308.9196714
2656	680.1679872
2657	304.7063003
2658	277.043414
2659	305.9670578
2660	492.9668944
2661	450.0156977
2662	267.0533648
2663	207.839548
2664	230.096121
2665	189.0316299
2666	357.2151376
2667	271.34604
2668	431.2968246
2669	242.2834107
2670	213.027156
2671	415.57104
2672	197.8987157
2673	296.7100877
2674	210.0546577
2675	232.874984
2676	225.7363028
2677	279.9641337
2678	384.008688
2679	308.6662422
2680	170.6353159
2681	442.528248
2682	315.217504
2683	271.4585457
2684	259.4925204
2685	286.8578056
2686	250.106864
2687	277.6840551
2688	266.2796561
2689	347.3238852
2690	246.5073775
2691	282.57648
2692	238.89981
2693	214.38984
2694	205.134404
2695	303.170544
2696	207.3545773
2697	236.8761532
2698	230.4388429
2699	228.8811699
2700	303.7545529
2701	299.7052236
2702	274.008076
2703	224.488525
2704	185.5424801
2705	442.22712
2706	254.8029705
2707	401.2709588
2708	313.407504
2709	343.8049934
2710	216.8194116
2711	314.3353592
2712	340.8718294
2713	440.634048
2714	260.9425628
2715	210.5047594
2716	291.764
2717	281.5149118
2718	243.63856
2719	293.311994
2720	254.0940785
2721	264.9944163
2722	324.1363772
2723	266.8407
2724	295.6841622
2725	220.9757161
2726	307.759872
2727	228.9071154
2728	250.5806826
2729	262.538752
2730	327.7272736
2731	218.3234054
2732	116.7108828
2733	308.6570249
2734	249.7761159
2735	311.15758
2736	258.5494744
2737	203.2242714
2738	275.2765049
2739	312.5582388
2740	299.8248
2741	318.0750423
2742	242.93734
2743	244.2554625
2744	306.9872242
2745	252.3992999
2746	344.5546041
2747	327.3504075
2748	230.9239771
2749	289.3164799
2750	196.5084465
2751	344.46576
2752	231.1872394
2753	261.3399723
2754	250.6592421
2755	279.189762
2756	232.7077446
2757	144.1157495
2758	154.975742
2759	187.6787303
2760	165.315488
2761	193.80444
2762	68.13613419
2763	177.743588
2764	228.0602212
2765	157.960968
2766	241.5427915
2767	278.4161122
2768	135.0177106
2769	199.0942224
2770	113.330406
2771	197.15184
2772	116.937227
2773	303.4964884
2774	279.875468
2775	245.7963394
2776	234.856908
2777	190.1135713
2778	222.364116
2779	272.8014975
2780	221.9063543
2781	208.7302314
2782	166.9269824
2783	225.999392
2784	175.533012
2785	267.056184
2786	207.8204012
2787	222.562352
2788	187.3536764
2789	329.65416
2790	278.4141
2791	220.7277452
2792	234.8466845
2793	308.4297538
2794	309.5478753
2795	179.3901645
2796	328.7527583
2797	135.09786
2798	204.6176451
2799	161.5999959
2800	285.3184568
2801	133.8695571
2802	144.8896205
2803	173.6397924
2804	258.6934824
2805	225.9813749
2806	207.3968
2807	177.7896217
2808	190.18608
2809	313.511576
2810	230.2972696
2811	238.9228714
2812	196.4143332
2813	288.417276
2814	260.8916853
2815	266.8959638
2816	201.0624417
2817	198.0611312
2818	192.056448
2819	191.8783752
2820	218.6229478
2821	252.6636944
2822	197.222524
2823	148.3001209
2824	246.3551882
2825	214.6139499
2826	284.8623593
2827	236.0772595
2828	258.4139891
2829	195.7869154
2830	237.7181117
2831	173.0457213
2832	206.793444
2833	190.4656924
2834	163.5133872
2835	48.2152912
2836	227.8375106
2837	191.075248
2838	216.4568332
2839	238.6462462
2840	171.0357533
2841	210.2724335
2842	236.2092952
2843	218.85264
2844	231.7432961
2845	177.4840456
2846	283.766072
2847	289.39539
2848	211.3387983
2849	254.4271012
2850	258.223908
2851	194.051046
2852	178.403376
2853	53.1477754
2854	30.86058829
2855	146.199104
2856	120.084234
2857	114.6176286
2858	216.28266
2859	258.9352845
2860	193.8366458
2861	265.19719
2862	320.24376
2863	314.8192779
2864	231.3324458
2865	316.0839603
2866	222.5856066
2867	312.7444618
2868	280.8491032
2869	388.9557427
2870	373.648184
2871	291.9430635
2872	314.784756
2873	317.9440577
2874	283.5569934
2875	535.67202
2876	464.4079237
2877	270.5434606
2878	350.048888
2879	232.360672
2880	282.885792
2881	260.7605593
2882	297.160136
2883	262.1468914
2884	218.79782
2885	370.192498
2886	202.9373414
2887	235.015852
2888	185.9998307
2889	194.558976
2890	263.347428
2891	242.151336
2892	280.15218
2893	311.915252
2894	205.9147358
2895	220.3999191
2896	262.669008
2897	226.6609448
2898	257.59152
2899	192.6617604
2900	155.3642841
2901	257.6742898
2902	215.7568
2903	263.2196588
2904	434.798468
2905	479.0329611
2906	256.3032091
2907	298.6719719
2908	251.9975494
2909	256.7293235
2910	229.012392
2911	279.3835923
2912	291.5347084
2913	227.902088
2914	251.1244965
2915	289.3214967
2916	211.8342741
2917	248.8016157
2918	196.209224
2919	220.8078405
2920	233.8708998
2921	282.519572
2922	224.6227879
2923	180.4570429
2924	230.154876
2925	247.5307512
2926	132.299024
2927	325.855872
2928	300.3157018
2929	316.6264145
2930	233.331684
2931	179.0199132
2932	351.8123625
2933	344.4045087
2934	499.1275167
2935	252.6661722
2936	185.2139968
2937	243.4872
2938	330.166908
2939	454.5255156
2940	288.0668396
2941	260.995612
2942	283.9365375
2943	195.8911415
2944	279.0544711
2945	357.161064
2946	449.711328
2947	251.3437955
2948	454.566352
2949	247.3658356
2950	246.1262219
2951	261.2935652
2952	179.2724915
2953	317.2926671
2954	177.7384794
2955	185.8826245
2956	237.7544812
2957	376.9343942
2958	193.8933551
2959	233.8146802
2960	132.6562452
2961	185.8238
2962	174.6496965
2963	180.004344
2964	146.1154488
2965	202.9765107
2966	165.4874134
2967	180.692736
2968	132.3780433
2969	141.5515803
2970	194.0114896
2971	131.935728
2972	141.9108515
2973	215.5461932
2974	152.0861523
2975	202.9354677
2976	253.2404588
2977	183.9175608
2978	335.0057851
2979	254.01458
2980	198.8250093
2981	206.597275
2982	325.583969
2983	154.8186409
2984	185.8603344
2985	191.4246972
2986	228.0150192
2987	150.4702961
2988	171.6149521
2989	130.9232575
2990	269.94368
2991	224.6313071
2992	281.4742302
2993	243.2179789
2994	225.053218
2995	423.3011881
2996	349.253432
2997	234.8382556
2998	254.3272075
2999	307.98496
3000	317.0305775
3001	249.9265288
3002	192.6139435
3003	204.84904
3004	219.3741412
3005	215.156088
3006	297.0872536
3007	298.0095175
3008	139.8225
3009	203.356656
3010	249.612592
3011	224.1134551
3012	177.1345788
3013	217.2848795
3014	173.8914568
3015	238.788669
3016	174.3162969
3017	184.9165939
3018	115.2907616
3019	131.5479211
3020	217.4095803
3021	103.107228
3022	77.421732
3023	98.17056773
3024	161.5561171
3025	157.7354266
3026	205.763232
3027	108.562248
3028	161.915952
3029	152.9210139
3030	93.02898983
3031	192.320388
3032	168.7920363
3033	137.1443664
3034	162.36312
3035	135.1940469
3036	188.7221075
3037	168.059208
3038	174.7012416
3039	232.8167334
3040	173.8691753
3041	147.4718305
3042	157.356294
3043	253.2454896
3044	221.5599919
3045	293.89124
3046	246.301084
3047	245.47068
3048	185.441616
3049	219.503503
3050	261.6211558
3051	211.331592
3052	118.041066
3053	179.5996006
3054	343.3028002
3055	314.6717768
3056	290.7714307
3057	254.6784791
3058	364.8923817
3059	320.4515639
3060	334.4494172
3061	276.549328
3062	230.5711047
3063	329.8496465
3064	425.3023118
3065	284.0720428
3066	220.122336
3067	238.9082905
3068	339.3650531
3069	336.6557311
3070	492.8274238
3071	307.184616
3072	188.9544135
3073	202.836348
3074	210.1055855
3075	208.0027504
3076	223.169436
3077	216.4980962
3078	170.8911
3079	311.3748842
3080	203.6612315
3081	257.0794292
3082	215.1860819
3083	200.1048345
3084	131.16936
3085	48.0259244
3086	275.4380786
3087	233.3667748
3088	349.117504
3089	328.0192631
3090	242.431163
3091	168.636344
3092	290.9654971
3093	236.573772
3094	308.9042171
3095	211.6608523
3096	226.7745459
3097	222.532596
3098	250.6222915
3099	294.4148733
3100	474.588763
3101	209.052004
3102	212.2581174
3103	210.77574
3104	109.9323743
3105	126.1757
3106	114.472302
3107	93.83110175
3108	81.619128
3109	70.71870012
3110	298.9060974
3111	371.8040142
3112	304.5335514
3113	239.8997039
3114	224.6555839
3115	226.332144
3116	190.432408
3117	261.1050097
3118	283.483316
3119	175.5516756
3120	333.459744
3121	223.6060448
3122	283.19004
3123	279.9373605
3124	260.9720948
3125	266.19912
3126	225.9177944
3127	249.197424
3128	310.3494419
3129	244.0413533
3130	244.4757977
3131	214.3175846
3132	200.1056399
3133	324.7040016
3134	167.3444087
3135	192.7690582
3136	241.0713216
3137	253.9568202
3138	289.8691479
3139	169.2329064
3140	215.6389578
3141	213.9336524
3142	226.9842472
3143	267.876728
3144	365.6870825
3145	227.8354475
3146	253.8590545
3147	263.9166128
3148	301.0301875
3149	136.8156086
3150	251.7506751
3151	258.921648
3152	265.8522992
3153	210.014353
3154	202.8146708
3155	307.8152809
3156	240.747357
3157	245.1065746
3158	215.4132622
3159	254.106549
3160	322.1406065
3161	232.1640445
3162	443.6720074
3163	290.1460968
3164	432.6839994
3165	391.3373507
3166	240.0766457
3167	271.1181222
3168	475.1085079
3169	355.6488876
3170	305.475173
3171	545.5122625
3172	392.660573
3173	294.74454
3174	221.0083119
3175	295.9075328
3176	231.4066624
3177	209.3030316
3178	438.3145672
3179	434.9958296
3180	491.8030032
3181	677.6009079
3182	484.0651159
3183	426.6758574
3184	562.2439084
3185	553.5695717
3186	432.0694107
3187	282.9326311
3188	372.4681905
3189	434.5209792
3190	419.7596253
3191	496.2846022
3192	318.3904217
3193	342.3458247
3194	397.291202
3195	340.1660485
3196	262.39664
3197	236.9743263
3198	301.6086377
3199	334.7902736
3200	402.0708847
3201	451.0465296
3202	289.8001452
3203	342.5188232
3204	441.8870486
3205	256.2921106
3206	219.6988222
3207	254.7981325
3208	195.7692525
3209	208.556364
3210	217.2177189
3211	125.1437451
3212	252.4492532
3213	330.6509612
3214	202.7998545
3215	235.7137216
3216	169.4251112
3217	275.7985865
3218	233.3752661
3219	266.5039414
3220	283.9590279
3221	288.7094058
3222	242.9882858
3223	288.9122812
3224	231.3824829
3225	359.6129282
3226	201.3715541
3227	214.519673
3228	242.4193264
3229	438.259728
3230	451.1545999
3231	257.5765577
3232	262.8838488
3233	247.5930432
3234	431.8126128
3235	224.5214279
3236	191.9044948
3237	322.1110312
3238	381.8972765
3239	393.1825452
3240	267.1596146
3241	267.6993034
3242	209.5612463
3243	280.8781432
3244	237.910204
3245	234.7836353
3246	297.3940832
3247	395.5629175
3248	356.428724
3249	264.4653861
3250	248.3105452
3251	255.9306934
3252	309.0124878
3253	284.6188792
3254	261.872168
3255	230.987692
3256	263.5216176
3257	270.2973013
3258	279.4907009
3259	252.8087632
3260	249.3321524
3261	238.6890408
3262	419.3880992
3263	334.2007338
3264	238.4302525
3265	242.6214912
3266	292.9039664
3267	285.2121941
3268	135.0160527
3269	238.0116475
3270	260.6125919
3271	215.9712533
3272	341.249592
3273	180.5048297
3274	192.6208451
3275	298.9851855
3276	283.024292
3277	300.1832048
3278	391.0728636
3279	221.8480416
3280	336.7053215
3281	274.7352947
3282	274.9068697
3283	306.9737936
3284	243.496608
3285	291.4471146
3286	277.7476433
3287	290.6917365
3288	493.6768045
3289	331.1250735
3290	436.6683749
3291	450.3600338
3292	451.3131098
3293	327.1859119
3294	330.5318642
3295	311.222992
3296	358.1233852
3297	423.0812628
3298	91.1791944
3299	316.3644239
3300	488.2329051
3301	453.1740161
3302	628.6813843
3303	352.9505408
3304	426.2416621
3305	381.6866208
3306	304.0856212
3307	496.1396899
3308	354.8052898
3309	424.3097931
3310	394.0996394
3311	731.6725314
3312	662.0072271
3313	475.4544141
3314	422.8987426
3315	404.0810106
3316	471.5376486
3317	284.3543708
3318	524.3483639
3319	427.4580936
3320	387.3817562
3321	475.6499459
3322	521.2126349
3323	311.5134719
3324	285.4164926
3325	252.1355634
3326	379.8684519
3327	322.3051016
3328	230.6855098
3329	262.1506378
3330	409.445067
3331	122.287873
3332	365.1355858
3333	495.0493859
3334	343.5400401
3335	407.3686305
3336	188.9505241
3337	82.60691665
3338	308.6260331
3339	327.9112258
3340	404.694678
3341	428.6752433
3342	285.8267469
3343	364.6916919
3344	310.2365605
3345	376.0937475
3346	361.4670861
3347	286.8707585
3348	281.1822544
3349	497.960687
3350	357.7225496
3351	395.6898759
3352	380.8320732
3353	416.0072724
3354	300.941124
3355	325.6566649
3356	268.9412804
3357	44.25758185
3358	312.4535333
3359	153.1455081
3360	169.9832969
3361	182.213009
3362	608.5496616
3363	436.1079237
3364	374.3450108
3365	390.8868912
3366	339.6999122
3367	359.5928221
3368	383.272435
3369	352.4123957
3370	318.0904931
3371	296.1271313
3372	349.652144
3373	411.4263214
3374	719.6199545
3375	397.835364
3376	470.2478441
3377	569.8124947
3378	337.7571032
3379	583.1782749
3380	97.40408842
3381	440.7232889
3382	482.7437152
3383	480.685908
3384	410.6380539
3385	304.3090865
3386	432.6197722
3387	454.8630426
3388	494.7085728
3389	423.9798659
3390	292.9231664
3391	482.5170785
3392	406.458937
3393	352.3131627
3394	305.107349
3395	360.89088
3396	210.6149556
3397	322.8322648
3398	144.8211128
3399	280.0213723
3400	398.7075316
3401	358.251264
3402	347.2469213
3403	391.8799619
3404	421.6071221
3405	333.3126162
3406	438.7883123
3407	362.8128402
3408	375.8081782
3409	285.8504609
3410	348.0238497
3411	369.2876397
3412	340.9159266
3413	106.3446489
3414	281.5005852
3415	377.4646958
3416	321.8616275
3417	308.2540784
3418	362.8669225
3419	245.3704291
3420	387.3030481
3421	356.8779693
3422	323.4411776
3423	357.180202
3424	463.774176
3425	376.141178
3426	359.3245648
3427	357.6076863
3428	333.5492225
3429	243.5734392
3430	453.2523372
3431	274.8807185
3432	297.8670286
3433	333.266502
3434	618.4674281
3435	484.4450303
3436	522.5617273
3437	467.8787996
3438	367.7802293
3439	445.5183686
3440	432.0894368
3441	679.1701662
3442	447.2495907
3443	420.7793485
3444	202.2520072
3445	393.7997564
3446	353.4355883
3447	402.8221592
3448	346.4668805
3449	320.5085729
3450	370.7944792
3451	533.7456768
3452	550.6754971
3453	531.0996733
3454	443.3101027
3455	772.9559395
3456	519.9570595
3457	729.5302025
3458	373.9958479
3459	485.0715064
3460	782.32697
3461	399.971115
3462	275.6040537
3463	447.3158446
3464	472.1510208
3465	414.1136736
3466	393.0423533
3467	541.8377975
3468	674.9789865
3469	554.535329
3470	1084.399764
3471	382.5349421
3472	453.2443968
3473	771.1738306
3474	314.1291445
3475	725.8157915
3476	169.0909396
3477	534.5525648
3478	382.8392802
3479	504.0753975
3480	371.4203165
3481	334.5642322
3482	285.5629409
3483	315.8407329
3484	327.526212
3485	657.147387
3486	575.6044621
3487	146.0290062
3488	336.7333495
3489	370.5292754
3490	372.380498
3491	156.4717543
3492	459.8360511
3493	467.5309709
3494	571.1921712
3495	563.0214844
3496	407.5388637
3497	517.8667758
3498	652.3119884
3499	502.6108893
3500	587.1931678
3501	526.4906789
3502	342.7461774
3503	588.7102322
3504	568.3092128
3505	446.3267921
3506	370.5733232
3507	441.6632709
3508	272.71894
3509	554.5008742
3510	513.3566678
3511	309.140144
3512	495.7709322
3513	642.8321925
3514	428.5747322
3515	157.3964833
3516	409.0955568
3517	404.3127965
3518	423.8797974
3519	181.4254991
3520	333.9070073
3521	104.0590422
3522	280.3557265
3523	295.5640161
3524	296.8060032
3525	219.1700436
3526	312.5419127
3527	369.5415913
3528	294.5962493
3529	245.2971082
3530	171.5175291
3531	312.7738816
3532	172.6899703
3533	394.8595735
3534	326.5881144
3535	433.5622531
3536	323.5720267
3537	472.3304467
3538	124.7792437
3539	501.4830968
3540	139.016537
3541	371.466372
3542	421.3612603
3543	540.2805135
3544	356.983344
3545	352.9545552
3546	551.2447469
3547	494.4418014
3548	358.3302065
3549	319.0076998
3550	355.0798699
3551	499.4632331
3552	679.9561664
3553	134.6077303
3554	448.3118814
3555	317.6968668
3556	361.7435585
3557	365.2424707
3558	269.0857456
3559	366.6776161
3560	0.2007824
3561	441.8909724
3562	553.3577941
3563	447.7027514
3564	520.5415131
3565	587.7131032
3566	508.2314072
3567	574.4635487
3568	553.3905463
3569	437.4565788
3570	185.1762053
3571	486.6620714
3572	529.5599316
3573	347.6022174
3574	402.4736776
3575	438.8615449
3576	460.682769
3577	512.1283683
3578	591.8979298
3579	226.8901203
3580	189.3083598
3581	634.166249
3582	480.44278
3583	485.9590364
3584	175.4245329
3585	363.5683219
3586	455.6007322
3587	369.4683113
3588	101.2464074
3589	608.1515115
3590	198.9843466
3591	455.9049678
3592	795.9577796
3593	612.7983974
3594	554.9238177
3595	496.9353752
3596	411.3265104
3597	447.8741136
3598	216.8348738
3599	353.1483829
3600	474.6891706
	378.6533078
	549.5432233
	513.5678167
	445.4182072
